data_gis/fral_40_popSize_highRes.asc
NCOLS 157 
NROWS 98 
XLLCORNER 84247.92649 
YLLCORNER -828428.80646 
CELLSIZE 20000 
NODATA_value -10000 
[rows 50 to 74 of 98, columns 57 to 113 of 157]
-9999 -9999 -9999 -9999 -10000 -10000 -10000 -10000 -10000 -10000 -10000 -10000 -10000 4.17284762371004 -10000 -10000 -10000 7.07411681619736 6.97447891102505 6.58216363345714 5.88998537815813 4.58190155904874 3.02042488614436 -10000 -1.20397280432594 -9999 -10000 -10000 -10000 -10000 -10000 -10000 -10000 3.98341300151482 0.693147180559945 -10000 -9999 -9999 -9999 -10000 -10000 5.23110861685459 5.72554396643771 6.155070385706 6.42324696353352 6.06262174142431 5.59842195899838 5.09129319711371 5.18122159467179 5.35517017814082 5.55450877190845 6.129921290255 6.64509096950564 7.48099216286952 10.0091530216909 8.49821422481843 -10000
-9999 -9999 -9999 -9999 -10000 -10000 -10000 -10000 -10000 -10000 -10000 3.1267605359604 -10000 -10000 -10000 7.51043055637801 7.91790058632792 8.09833884618906 7.98684490116138 7.59387784460512 6.96034772910131 5.94122333067124 4.4636066216663 2.45958884180371 -10000 -10000 -10000 -10000 -10000 -10000 -10000 -10000 4.84339937472034 4.65586330030361 4.2570301444992 0.993251773010283 -2.30258509299405 -9999 -9999 -0.693147180559945 3.26193531432865 5.32398511329661 5.85650356167386 7.75147531802146 9.34443410645688 6.46271739575415 5.75827065994027 5.88304379815356 5.62654139431275 5.88693701775405 6.03164633674081 6.53102338969684 7.11232744471091 7.63530388625941 8.25971696102152 7.73193072194849 7.36010397298915
-9999 -9999 -9999 -9999 -10000 -10000 -10000 -10000 -10000 -10000 -10000 3.89385903480047 -10000 6.88264257816706 7.76514490293613 -10000 9.87122259194885 9.93003210775824 9.83285047293669 8.35631996582815 7.74022952476318 6.82502563138314 -10000 -10000 -10000 -10000 -10000 -10000 -10000 -10000 -10000 5.23590990641942 5.73721725074244 5.48396671343467 5.02847521222459 4.05871738457895 0.405465108108164 -9999 -9999 -0.693147180559945 3.10906095886099 5.21112415484566 5.70578047731887 6.12446454856923 6.42600290270185 6.08541015995051 6.00388706710654 6.02344759296103 6.02707297457535 6.50098932514092 8.01565761455734 6.78332520060396 7.91717198884578 7.72223474470961 8.27103686579295 7.87511928104029 7.4301141385618
-9999 -9999 -9999 -9999 -10000 -10000 -10000 -10000 -10000 -10000 -10000 5.49264983600813 -10000 -10000 8.46989191829822 10.1190423822017 10.3717083434697 10.4651583703077 10.3375725108815 10.0723860889979 8.8698199525084 -10000 -10000 -10000 -10000 -10000 -10000 0.336472236621213 -10000 4.14472076954717 4.83628190695148 5.77081787599236 8.7465573545435 5.8573615625845 5.33897934826693 -10000 1.25276296849537 -2.30258509299405 -9999 -9999 1.50407739677627 3.4307561839037 5.35280555183211 5.66365468356542 5.81054201122774 5.73301759992454 5.90944071162939 5.84701664274211 6.37706702611989 9.11250701162742 6.65428137786009 6.82393879288903 7.21670948670946 7.7336835707759 10.0999996128494 9.4053313318708 7.3375877435386
-9999 -9999 -9999 -9999 -10000 -10000 -10000 -10000 -10000 -10000 -10000 6.48661800147968 -10000 -10000 9.98994044026633 -10000 10.8262175080392 11.0492537467975 10.8089195410754 10.4951002222718 -10000 -10000 -10000 6.1884694408125 5.88248638453824 5.55101972010379 2.92852352386054 1.84054963339749 0.587786664902119 4.00551334851548 5.03695260241363 5.60543435163842 5.9404343759952 5.84961292286774 5.47604505433176 4.96284463025991 3.33932197794407 0.182321556793955 -9999 -9999 0.262364264467491 2.53369681395743 3.98341300151482 5.38357721049886 5.5853742436059 5.65913372298732 5.73366484913807 6.00388706710654 6.49677499018586 6.8048362249743 6.83389343038368 7.00033446027523 7.18538701558042 7.35819375273303 7.63819824428578 7.84854348245668 7.07580886397839
-9999 -9999 -9999 -9999 -10000 -9999 -9999 -10000 -10000 -10000 -10000 7.38398945797851 8.18813341451048 -10000 10.538343324719 10.8407762754059 11.0945270814502 13.5364326962309 11.0598340151884 10.5093596849846 -10000 -10000 7.37274636640433 6.92657703322272 6.43165309127453 5.91215074038826 5.4089638866351 3.08648663682246 0.916290731874155 1.22377543162212 4.83707524297087 5.29330482472449 -10000 8.09864284375942 5.7509840761405 5.14166355650266 4.75789127300576 1.28093384546206 -1.20397280432594 0.587786664902119 2.41591377830105 3.64283551561253 4.52070102936164 5.18178355029209 6.04358250137009 6.31100859270851 6.54016382330205 6.88336012214742 7.70391020961631 7.52617891334615 7.43307534889858 7.07749805356923 6.92951677076365 7.0604763659998 7.0335064842877 -10000 -10000
-9999 -9999 -9999 -10000 -10000 -10000 -9999 -10000 -10000 -10000 -10000 -10000 9.74882007252399 -10000 10.7297660456993 10.8931216786345 11.0869923082222 11.085291432091 10.8247061226466 10.3836580733425 9.92078704961419 8.06557942728209 7.44132038971762 9.83242110410227 6.78897174299217 6.05067640673983 5.52704529615615 3.46573590279973 2.54160199346455 0.336472236621213 3.28840188751681 -10000 5.27964410128242 5.79818315007769 5.52146091786225 5.42802897306969 5.12989871492307 4.4042772436087 1.7227665977411 2.59525470695687 3.93182563272433 4.88733707775176 5.59879226079857 6.54405572010644 7.05098944706805 7.51043055637801 7.83715965000168 8.13534694890671 8.1656479252975 8.10892415597534 7.89655270164304 7.66949525100769 7.18765716411496 6.97447891102505 6.74323434681369 -10000 -10000
-9999 -9999 -9999 -10000 -10000 -9999 -9999 -2.30258509299405 -10000 -10000 -10000 -10000 10.018199209668 10.4727990420212 10.7477665751 -10000 10.8735654664732 10.803364309142 10.4715815840925 10.1061018125978 8.50633444808136 7.73280753042202 7.10085190894405 -10000 6.43743159852548 5.93091804723995 5.54712866461082 3.74478708605223 2.82137888640921 1.98787434815435 0.405465108108164 3.49347265777133 4.99653636971675 5.37388855339511 5.67914819369784 5.87042621873093 5.36784342919665 4.8338981155962 4.42843300748804 4.03069453514564 5.03954663759068 6.2841341610708 7.10578612948127 7.68386398025643 8.16593213732158 8.58410389669886 8.86911686592948 8.87626525995469 8.81596356085344 9.76105955940385 9.81043981148606 9.96646235169752 8.67317077287059 -10000 -10000 -10000 -10000
-0.916290731874155 -0.693147180559945 -0.105360515657826 -0.105360515657826 -0.105360515657826 -1.20397280432594 -2.30258509299405 -10000 5.00058495824275 -10000 -10000 9.59212735272977 10.0969138890622 10.6524477979153 13.1487599033631 10.7306847412163 10.6919903664128 10.4996556614662 10.0091080343998 8.6376393444921 7.95331834656043 -10000 -10000 6.1459009004124 5.94384869316632 5.67812272787562 7.09423484592476 3.96271611974366 2.91777073208428 2.07944154167984 -1.20397280432594 1.25276296849537 4.78665806203347 5.29028519485077 5.8394781901101 8.72664341559844 5.68799178874988 5.19351225218191 4.98360662170834 5.07016127341028 6.33505425149806 7.14834574390007 7.97865372908273 8.58372971521648 9.09121894106832 10.1173481502514 9.5765100974767 10.0884722267496 10.5870640801561 10.9109891644637 10.4028375828271 -10000 -10000 -10000 -10000 -10000 -10000
4.11414718951828 4.22683374526818 4.19418989719182 1.98787434815435 1.88706964903238 1.97408102602201 1.93152141160321 -10000 5.09190801422499 -10000 7.48773376143644 9.44232472795587 9.94083150567655 10.3761439101846 10.6524241547381 10.4580333669917 10.1202507928861 9.75185037787317 8.60226936377136 -10000 -10000 -10000 -10000 5.5599121042365 5.43981692882174 3.86911550441687 3.9982007016692 3.40119738166216 2.61006979274201 1.97408102602201 -9999 0 4.16044436392662 4.8186673602505 5.37435205282403 5.71768537982519 5.89770316729351 5.71801405690293 5.71768537982519 6.19420128864453 7.01571242048723 7.96450336355155 8.73969653784302 9.29062920320499 10.1541295325521 10.6447103563276 11.1037384391113 11.2252567257629 11.2065225798498 -10000 -10000 -10000 10.2989023247908 -10000 -10000 -10000 -10000
4.76983680754333 4.97673374242057 4.88052660874924 4.66720557690754 3.4307561839037 3.40119738166216 4.10923317471585 4.20319896713418 4.95300618125962 6.06494732386779 7.09506437728713 7.9035962896143 9.61826910952232 9.95854375828421 10.1195259217203 10.0377998901437 9.77735727539192 8.40983067308774 -10000 -10000 -10000 -10000 3.16968558067743 2.29253475714054 3.02042488614436 3.13113691056019 2.99573227355399 2.67414864942653 2.23001440015921 -2.30258509299405 -1.20397280432594 -0.22314355131421 1.25276296849537 4.45201900649392 4.90230741721063 5.73850591071459 5.85878993020344 5.97075150551044 5.92023703781961 6.76330737461626 7.64539769942863 8.55814317774519 10.2178967519156 10.2624548669847 10.876744457551 11.388846400857 11.5587111201194 11.7446401787001 -10000 -10000 13.7309271401857 11.2907814139891 -10000 -10000 -10000 -10000 -10000
5.3687758301966 5.69943972522206 5.50125821054473 5.86873178172568 5.7829016791088 5.67332326717149 5.51221833649531 5.52863512161025 5.48811093818069 5.57519124028321 -10000 7.2902928824466 7.88570539124302 9.48478521764594 -10000 -10000 -10000 -10000 -10000 -10000 -10000 2.71469474382088 1.96009478404727 1.80828877117927 0.916290731874155 2.16332302566054 2.07944154167984 1.98787434815435 -1.6094379124341 -0.105360515657826 0.693147180559945 1.7404661748405 2.35137525716348 3.03974915897077 5.31073988654659 5.6980996915207 6.1108019296966 6.23323356254536 7.40853056689463 7.18083119904456 8.07090608878782 8.89137400948464 10.0755062163342 10.9635668914875 11.4680640730582 11.8827495784141 11.9976329605812 12.0997227517103 13.5406960093628 11.8990786253793 11.6194992443259 -10000 -10000 -10000 -10000 -10000 -10000
5.71307252156329 8.77292009262647 6.3661267460611 6.28245364531726 6.35991982958225 6.42438268199745 6.44778118537358 6.12533963066401 5.9404343759952 -10000 5.79757635394256 6.40307738580238 7.00940893270864 -10000 -10000 -10000 -10000 -10000 -10000 -10000 6.33806390234911 2.52572864430826 1.90210752639692 1.33500106673234 -9999 -9999 -9999 -1.20397280432594 0.336472236621213 1.52605630349505 2.58021682959233 4.67749084756772 4.84103250971008 5.17332087637335 5.28117120771307 5.70976454633375 6.12555828158868 9.03097444300786 6.6572405308718 7.29233717617388 8.28324144138542 9.08873755021693 10.5919738882139 11.1598582909105 11.6692794300666 13.3227311178893 13.4484908625416 13.43990760414 12.0871990153918 -10000 -10000 -10000 -10000 -10000 -10000 -10000 -10000
5.44587493090565 6.27023200217019 6.38755249340355 6.67291862907688 7.10987946307227 6.91274282049318 6.8769867453105 8.47093980689877 -10000 -10000 5.35185813347607 5.30131287552784 5.84441360439595 -10000 -10000 -10000 -10000 -10000 2.70805020110221 2.21920348405499 2.52572864430826 2.23001440015921 1.82454929205105 1.38629436111989 -0.356674943938732 -0.693147180559945 -0.356674943938732 0.741937344729377 1.97408102602201 3.79997350161952 5.22413246835866 5.48893772615669 5.67229180756483 5.71439265376822 5.91862500093102 5.77019424017545 6.27061028853748 6.54993682434133 6.72838935001382 7.38523092306657 8.29004161870449 9.7361925297588 10.6019207375253 11.2290760385386 11.6774987827665 11.9526631670205 12.1314083648194 12.0325225071233 -10000 -10000 -10000 -10000 -10000 -10000 -10000 -10000 -10000
4.95159275346247 5.94096041493421 6.31391029949605 6.89264164117209 9.62278109382077 7.18462915271731 7.11232744471091 9.28952116985062 6.48783621390382 5.82776845443719 5.2786247332023 -10000 -10000 -10000 -10000 -10000 -10000 -9999 1.48160454092422 1.85629799036563 2.21920348405499 2.33214389523559 2.37024374146786 1.68639895357023 4.08597631255158 4.17745946893261 4.09933210373314 2.28238238567653 3.90399083373088 5.24491658982092 5.65459223046543 6.11500873319944 6.41836493593621 6.19338446197056 6.07557588972663 6.35140913991434 6.23969087878965 6.41673228251233 6.77033060307047 7.38087903556412 8.18032087477368 9.70143256605178 10.3202222529025 11.0699453880993 13.1263514146022 11.8513885756288 -10000 -10000 -10000 -10000 -10000 -10000 -10000 -10000 -10000 -10000 -10000
4.43793426661218 5.69642212024991 6.07488615524705 6.36647044773144 6.91671502035361 6.87088380420623 6.7563508248229 6.77525192916904 6.1338317883949 5.62726133674846 -10000 -10000 -10000 -10000 -10000 -10000 3.81990771652034 0.587786664902119 1.06471073699243 2.43361335540045 4.18813844150846 4.40671924726425 4.35414143118435 4.58802402715312 4.82350218030508 4.91559174540936 4.77322377098434 4.94235645334296 5.00796506554038 5.78228553614414 6.12883232140079 6.48142397819259 9.06681636189014 6.84502844907383 8.30127348519135 6.36061139254203 6.40819924747438 6.64391993300464 6.71732090207763 7.88269220628903 7.99023818572036 9.52704712346858 10.0944384360281 10.5578939047796 11.0284333831561 11.1652668939581 11.2101026815839 -10000 -10000 -10000 -10000 -10000 -10000 -10000 -10000 -10000 -10000
2.76631910922619 3.5234150143864 5.54868690411584 5.89715386763674 6.05443934626937 6.289715570909 6.33239113407858 -10000 -10000 -10000 -10000 -10000 -10000 -10000 -10000 4.87519732320115 4.44617445449763 3.92789635458444 2.9338568698359 4.53152364581979 4.93806460126142 5.1469129123888 5.47394993519119 5.52066059769148 5.43720936541466 5.65564209932827 5.36504099859094 5.57025108203168 5.63407506223138 5.99021376520633 8.11969625295725 6.73435381956274 6.83851237623998 6.78355167552283 6.74464794111199 6.82697896895485 6.69579891705849 8.81863022910035 6.62459629525794 7.0335064842877 7.64396194900253 8.31164394850298 9.71160039087247 10.0802101309296 10.2604974403749 10.2529817767056 10.0807965675065 -10000 -10000 -10000 -10000 -10000 -10000 -10000 -10000 -10000 -10000
2.89037175789616 3.01553490085017 3.8458832029236 6.29508148257207 6.4012536266962 6.34493436009777 5.20235697540213 -10000 -10000 -10000 -10000 -10000 -10000 -10000 8.48073665440562 5.20729796816087 5.31958950182358 5.2401584523745 5.33368451038533 5.31958950182358 5.7368948261064 6.52370913824727 6.48844476405192 6.37910507030359 6.05748634264998 8.69651023918989 5.95919958652071 5.72782446913644 5.8348107370626 5.91323269883841 6.46676661480493 6.57326108474455 6.7974938847246 6.83550711477451 7.02197642307216 6.85793458399818 7.02464903045364 6.94601399109923 6.80417096272557 8.21635833238616 7.23561914106675 7.8188324438034 9.00993630763146 9.6357388177918 9.70442667173788 9.66801835153128 8.60392119492606 -10000 -10000 -10000 -10000 -10000 -10000 -10000 -10000 -10000 -10000
3.66612246699132 3.08190996979504 5.93753620508243 6.27701935854359 -10000 6.30645775205207 5.99992862552011 3.39450839351136 2.54944517092557 -10000 -10000 -10000 4.32015123095579 4.89185175810629 5.20893955539682 5.71571104552148 5.76863344697582 5.78689738136671 5.8780158546004 6.02562439875469 6.62060639769201 8.69081030758005 6.9555926083963 6.72695256815745 6.59222227837458 5.84180377255358 5.7655045332842 5.62905892846026 6.02659034908336 8.41205487329293 6.19440539110467 6.35558669168176 6.67934789799283 8.98832118832368 7.06304816338817 7.23921497377981 7.41397029019044 7.26473017792987 7.09257371597468 6.91968384984741 6.84853591932217 7.23849684089437 7.72885582385254 8.01961279440027 8.41294317004244 8.13329386122263 7.79770203551669 -10000 -10000 -10000 -10000 -10000 -10000 -10000 -10000 -10000 -10000
3.94158180766969 -10000 -10000 -10000 7.19893124068817 6.85435450225502 -10000 -10000 1.80828877117927 0.405465108108164 3.60549784517489 3.67376581630389 4.67562864963665 4.50534985070588 5.54712866461082 5.83041512558957 6.10702288774225 6.28002123697042 6.3004187548353 6.65492541729757 6.96602418710611 7.16857989726403 7.31188616407716 7.06133436691044 6.62100610457896 6.14482920381428 5.46763811116474 5.41432104230434 5.21819132206875 5.67366685075158 5.85793315448346 5.94411085072451 6.11213230683296 6.80516869020704 7.1785454837637 7.56734567601324 9.36039696818286 7.8164169836918 7.59890045687141 7.13249755166004 6.73066004115976 6.73684832700344 7.0352685992811 8.86615849228492 7.33953769540767 7.11069612297883 6.66236611872061 -10000 -10000 -10000 -10000 -10000 -10000 -10000 -10000 -10000 -10000
3.9740583963476 5.84354441703136 6.40786959525448 -10000 10.4089789747114 -10000 -10000 5.86107108317439 -10000 -10000 4.2312037449393 4.46590811865458 4.32545628318549 5.10897119481712 5.55605556262675 5.97330057648031 6.33239113407858 9.06184036365774 6.42145965295942 6.79324189219338 8.30276158070405 7.32448997934853 9.88938862815663 7.50988306115491 6.54117428892394 6.0593568131509 5.02519544542759 4.76643833358421 4.79413628550071 4.83230575857184 4.86907172977447 5.49017662782248 5.93938146723776 6.81815874517038 7.42177579364465 7.94413749111411 9.19461741151095 9.25205796532805 9.13669383180788 7.65207074611648 6.98193467715639 6.49466114370948 6.39626276622844 6.56976188598899 6.4366310220677 6.08836437184794 -10000 -10000 -10000 -10000 -10000 -10000 -10000 -10000 -10000 -10000 -10000
3.49953328238302 -10000 -10000 -10000 -10000 6.87109129461055 -10000 -10000 -10000 -10000 -10000 -10000 5.02519544542759 -10000 5.62112524097519 5.89742855518139 8.2537483433285 6.43406486187841 6.21820163393232 6.50548506177049 6.7786711255706 6.96318998587024 7.21303165983487 6.96224346426621 6.4751245028012 6.04001658769015 4.45782959808938 6.90354643420808 4.48863636973214 4.32148013480585 4.39814601655377 4.6746962486367 5.99421077277601 6.94505106372583 7.78655180642871 9.32322252903286 9.63939178989049 9.75400097883575 9.61320209421423 9.25703309996817 7.3304052118444 6.53073184450528 5.86533426996377 5.46848199307136 5.33320176840154 5.05497110791631 -10000 -10000 -10000 -10000 -10000 -10000 -10000 -10000 -10000 -10000 -10000
3.08648663682246 1.93152141160321 -10000 -10000 -10000 -10000 -10000 -10000 3.78418963391826 -10000 5.37063802812766 8.60538720215215 -10000 -10000 5.04985600724954 5.60543435163842 5.88332238848828 5.8676005598856 5.85564482396545 5.76110754127547 6.10813585391167 6.33150184989369 6.6802271293501 6.60407931677601 6.37212453629718 5.47813579312387 5.12217666882916 3.91202300542815 3.31054301339402 2.82137888640921 3.27714473299218 4.50865928560725 6.09085729098602 7.14045304310116 9.13032266399015 9.64017283653264 10.0826374181644 10.3376696847418 10.0861423871202 9.62046129162054 -10000 6.56568741600376 -10000 -10000 5.25957653823161 2.87356463957978 -10000 -10000 -10000 -10000 -10000 -10000 -10000 -10000 -10000 -10000 -10000
2.54160199346455 2.02814824729229 1.85629799036563 5.74043579230424 5.81948928236817 5.75858626669687 1.90210752639692 -10000 -10000 4.30000279919529 5.03695260241363 -10000 5.02650864325255 4.33467293829041 4.68859179412716 4.31481788498043 5.32349766507834 5.35564243316731 5.22305488204749 4.36564315542336 4.69501088998788 6.0915361008322 6.24688165897249 6.43294009273918 6.08791044537623 5.79757635394256 5.26991789202634 4.77068462446567 2.71469474382088 2.31253542384721 2.45100509811232 4.76983680754333 6.16688736221078 7.25559127425367 -10000 9.77423271667887 10.3365678276773 12.8982468529052 10.3598675501124 -10000 -10000 6.33381234590067 4.61115225766564 -10000 -10000 2.74727091425549 -10000 -10000 -10000 -10000 -10000 -10000 -10000 -10000 -10000 -10000 -10000
2.98061863574394 2.74727091425549 2.47653840011748 2.14006616349627 -10000 3.76815263500844 -10000 -10000 -10000 -10000 -10000 -10000 4.2780540442909 3.83729945923221 1.19392246847243 3.50855589998265 3.72810016726722 3.75185425327532 2.75366071235426 2.83907846350861 3.30321697330195 4.9781121023907 5.43328522695852 6.04642610518196 9.04522985191258 6.00807581291318 5.32056797548286 4.74666974826179 2.26176309847379 0.405465108108164 1.91692261218206 4.32148013480585 6.06935108576505 -10000 9.18111751329928 9.64788537354776 10.0915426411778 10.3524909626588 -10000 -10000 -10000 -10000 3.36384159511839 3.46573590279973 -10000 -10000 -10000 -10000 -10000 -10000 -10000 -10000 -10000 -10000 -10000 -10000 -10000
