data_gis/fral_60_popSize_highRes.asc
NCOLS 157 
NROWS 98 
XLLCORNER 84247.92649 
YLLCORNER -828428.80646 
CELLSIZE 20000 
NODATA_value -10000 
[rows 50 to 74 of 98, columns 55 to 109 of 157]
-9999 -9999 -9999 -9999 -9999 -9999 -10000 -10000 -10000 -10000 -10000 -10000 -10000 -10000 -10000 7.8578675593318 -10000 -10000 -10000 10.4611585935336 10.3659314287193 10.0005688901867 9.37695589894852 8.31188955823036 7.20711885620776 -10000 4.43675153436313 3.3357695763397 -10000 -10000 -10000 -10000 -10000 -10000 -10000 6.87956154461135 5.28523212699938 -10000 3.34638914516716 1.96009478404727 3.35340671782581 -10000 -10000 7.98956044933387 8.48817624234574 8.9690328500343 9.20099685697303 8.9000036089596 8.44203851781548 8.00803284696931 8.04141290939305 8.23429963569625 8.51639287124547 9.24367843158669 9.61893391475888
-9999 -9999 -9999 -9999 -9999 -9999 -10000 -10000 -10000 -10000 -10000 -10000 -10000 6.77673501654373 -10000 -10000 -10000 10.8870630312159 11.2112256007502 11.3644370575126 11.2410379984171 10.8854349302134 10.312745458883 9.38572123109081 8.13944052187461 6.79020971512709 -10000 -10000 -10000 -10000 -10000 -10000 -10000 -10000 7.61233683716775 7.454719949364 7.11558212618445 5.4553211153577 4.47619980469113 3.10906095886099 3.79997350161952 5.08140436498446 6.53058604002882 8.07713663853845 8.64822145382264 10.1143560729747 11.598212856751 9.22068666403033 8.63230599851674 8.71193726820875 8.5039052970893 8.78981238619097 8.99776577201121 9.49446612822519 10.0076673714458
-9999 -9999 -9999 -9999 -9999 -9999 -10000 -10000 -10000 -10000 -10000 -10000 -10000 7.82244472948932 -10000 10.3275781247675 11.1310206212711 -10000 12.696519015783 12.7294867014565 12.6357326814286 11.5909137560822 11.0151147782817 10.1799822793473 -10000 -10000 -10000 -10000 -10000 -10000 -10000 -10000 -10000 7.97728198675515 8.4042484324001 8.17835816560584 7.7445698093545 6.97634807044775 5.23484494359246 4.08933202039856 3.73766961828337 5.01727983681492 6.42032060800672 7.96311205897929 8.501470230951 9.2239473753824 9.219894584781 8.97081334141145 8.89658807179122 8.9300972286214 8.97284431443757 9.37177871785371 10.4338804817946 9.72692935563128 10.5033949086263
-9999 -9999 -9999 -9999 -9999 -9999 -10000 -10000 -10000 -10000 -10000 -10000 -10000 9.09974395063416 -10000 -10000 11.7706713889943 12.9637122524153 13.1690923712018 13.218191604817 13.1200968106816 12.8757106379767 11.8219016988867 -10000 -10000 -10000 -10000 -10000 -10000 5.56948888687283 -10000 7.06902342657826 7.6182510978767 8.45340105832846 11.0133529534321 8.77508593505727 8.05165955684195 -10000 5.706777983636 4.79496375762075 4.19870457754634 4.86830338551846 5.91512331385126 6.92853781816467 8.21446516075919 8.56541176368671 8.76701762131178 8.78063379949498 8.97233695775495 9.13389119981278 9.39065992609946 11.407453832028 9.64218772135847 9.81509340177353 10.1151656257411
-9999 -9999 -9999 -9999 -9999 -9999 -10000 -10000 -10000 -10000 -10000 -10000 -10000 9.97697032929593 -10000 -10000 12.8806306123099 -10000 13.5639315232496 13.7222312146149 13.5159245810097 13.2299667759189 -10000 -10000 -10000 9.23912217340163 8.83317113302287 8.46062283992784 6.72826969700739 6.11589212548303 7.9208096792886 6.98007594056176 7.72621265050753 8.02551638648901 8.62980733578537 8.57432938278705 8.19422930481982 7.68570306123455 6.63607778067207 5.36737690247953 4.83230575857184 5.19683819759818 6.02150866845636 6.90224009829403 7.67368812926773 8.54130026675947 8.84850930088808 9.06102796878917 9.2259184019395 9.4491997797304 9.77775424707036 10.0021557243328 10.0720904371891 10.1331696806899 10.1983934700772
1.6094379124341 -9999 -9999 -9999 -9999 -9999 -10000 -9999 -9999 -10000 -10000 -10000 -10000 10.8095865244154 11.5344618825008 -10000 13.3720288914175 13.6218432812144 13.8149524022243 15.7117954942941 13.7411037719394 13.2674623567749 -10000 -10000 10.5716502029019 9.90368753253879 9.35617082018772 8.78660945506113 8.2358907259285 6.53770557609493 5.88081227700439 5.7592171815443 7.49052940206071 7.96206730875367 -10000 10.393293809078 8.46611040118692 7.87511928104029 7.52833176670725 5.89440283426485 5.62654139431275 6.04263283368238 6.86932625236236 7.68662133494462 8.37999795223839 8.94141462800684 9.54816883136854 9.84575250188489 10.0855590780749 10.3767670602281 10.7964891864323 10.843143186715 10.7290217211394 10.4227574230848 10.1615734470479
2.45958884180371 0.470003629245736 1.64865862558738 2.02814824729229 1.94591014905531 -10000 -10000 -10000 2.76631910922619 -10000 -10000 -10000 -10000 -10000 12.6977246241492 -10000 13.5425712745666 13.6831168036981 13.8215900404042 13.7788330880246 13.5469014348938 13.1584059687513 12.7364714585087 11.2878926300832 10.5775538452833 12.1745716584681 9.63841462294521 8.91985437219167 8.31996102188653 6.67959918584438 6.02029492877586 5.47980524259341 6.50008774731877 -10000 7.97418866928601 8.485083137498 8.25192471380136 8.14815643992162 7.89803969076462 7.35564110297425 6.48065787074686 7.04838640872188 7.89058253465654 8.66699155650463 9.32803451479283 10.0360059322363 10.5090049831351 10.9195150161978 11.23186144482 11.4851944912319 11.5181318879976 11.4507947095037 11.2299124753667 11.026987556712 10.6042059985924
3.26193531432865 2.62466859216316 3.46885603013597 3.72086249996699 3.79997350161952 -10000 -10000 3.93769075217672 4.14313472639153 4.5685062016165 -10000 -10000 -10000 -10000 12.9350236506303 13.3325627126603 13.5678091662275 -10000 13.640913093416 13.5537093349592 13.2549535772458 12.92752784643 11.7300670404088 10.9999141209237 10.2982960804558 -10000 9.34119318039495 8.77322978603247 8.26359043261732 6.68135643494725 5.95220383315468 5.54790808787709 5.33801873339959 6.67165312650354 7.72001794043224 8.09620827165004 8.40335237499248 8.59025776227324 8.15162164696975 7.77443551030296 7.70210434005105 7.9707403900071 8.79497643168877 9.72160589897056 10.4559924032936 11.0223272148842 11.5011564813702 11.881498346894 12.161932652536 12.1845578533158 12.1383022408119 12.7853565979405 12.8305742157296 12.8824016907639 11.6816381733563
3.8458832029236 4.28220629939167 4.82350218030508 5.04084113615332 5.32933142007721 5.31369846858634 5.28167972539501 5.32056797548286 5.36691015801365 -10000 8.5137873982814 -10000 -10000 12.529503063284 12.981403317573 13.4718956732572 15.4373223966237 13.5342438629019 13.4883971901883 13.3109585472039 12.8809667476228 11.9000636563855 11.2738430623545 -10000 -10000 9.1958356857733 8.81640849968169 8.44139147799996 8.98757175036705 6.55549912920512 5.72749900127352 5.1602040644184 5.00528768776966 5.71075808839263 7.52779398772144 8.0166478770578 8.53640741034004 11.041240422942 8.48073665440562 8.14960173573616 8.27512163021651 8.74305305022468 9.74753525076224 10.5263463799779 11.2700382846194 11.8569547890255 12.3364735181863 12.9742020588238 12.8289690208791 13.1933082092432 13.5745632053695 13.7855264953123 13.4118054002345 -10000 -10000
4.61015772749913 5.27453683788263 6.92264389147589 7.11639414409346 7.15070145759253 6.27023200217019 6.28002123697042 6.30572769178968 6.3491389913798 -10000 8.63817111796914 -10000 10.8779905871586 12.369423728692 12.8313531059709 13.2117158452344 13.4605184829213 13.3104284088253 13.033811905987 12.725131284823 11.9074105122352 -10000 -10000 -10000 -10000 8.51278348292754 8.22040309993373 6.83615186012244 6.64833667180322 6.08404372840107 5.36550861608836 4.85826081367025 4.64535197562092 6.62817364256422 7.12044437239249 7.66105638236183 8.15822991695949 8.489616423646 8.69131455164485 8.66595796468135 8.90977567369339 9.56710531186516 10.389056904886 11.2947321410381 11.9674029347823 12.5113858716879 13.1914751751526 13.6331994011162 14.0315030009438 14.1829726112722 14.1677211515036 -10000 -10000 -10000 13.3485869804854
5.26991789202634 7.1074254741107 7.53849499941346 7.7591874385078 7.76768727718691 7.68156036255954 8.05484022110102 7.12286665859908 7.50218648660292 7.67600993202889 8.44548234386224 9.57143553234841 10.5212644260713 11.2487906339745 12.5112679619329 12.845030236222 12.9989633459221 12.954865012245 12.7326574387058 11.7461143921256 -10000 -10000 -10000 -10000 7.01929665371504 6.19624044106401 6.19786877441789 6.19990046954992 5.88776931076922 5.42318634859391 4.86676492367655 3.97781074596615 4.72561633906396 5.4979875616766 6.09559931183999 7.434847875212 7.83913164827433 8.51137630609467 8.70764824810691 8.94624460933054 9.23600811872476 10.0819265820659 10.9565618828757 11.7847753674178 12.921128078139 13.2676993213463 13.814051494048 14.278125709507 14.4566684124891 14.6439772190663 -10000 -10000 16.3061028471615 14.2862114440699 -10000
6.94505106372583 7.54327334670545 8.07868822922987 8.44333134281778 8.33902300574476 8.67641669696422 8.62837672037685 8.56044423341055 8.49392456447688 8.5249629286806 8.61122983334262 9.06589246761031 -10000 10.6912856046954 11.2396721291706 12.405607696392 -10000 -10000 -10000 -10000 -10000 -10000 -10000 6.18022367156036 5.15732967324706 5.31320597904179 5.2709461697519 5.41654474791269 5.06449196688697 4.75617305952462 4.07414185490458 4.79413628550071 5.42053499927229 5.96100533962327 6.41247486655161 6.81003219045352 8.12118324207883 8.52516136106541 8.9366926884882 9.22975076549601 10.0208705081712 10.4708730777359 11.34342930997 12.1222942187389 13.0686418741445 13.838374181901 14.3124068170112 14.6875404726727 14.8335861002752 14.9690348688526 16.107396013445 14.8449288834993 14.6192326356346 -10000 -10000
7.09007683577609 7.72001794043224 8.43489794868941 11.0168570821791 9.11537013438496 9.09031732937645 9.2018040409539 9.27874640464024 9.3067408662625 9.0808010006212 8.91931939825889 -10000 9.29284159348793 9.89762037425808 10.4408285169578 -10000 -10000 -10000 -10000 -10000 -10000 -10000 8.07837810362652 5.07767069543241 4.829912458666 4.87824610605051 4.65586330030361 4.37575702166029 4.20020495292158 4.48525988931553 5.06575459331733 5.7091016361338 6.27457367958963 7.50604217851812 7.70120018085745 8.01168672912785 8.17329343896623 8.56006109164341 9.01917986651502 11.3000910910072 9.8599535505124 10.6472327858592 11.5898402087384 12.3166162059751 13.4556419482711 14.0120595892081 14.4914352797286 15.7403422519154 15.9231303376948 15.9801335429092 14.9988294307374 -10000 -10000 -10000 -10000
7.13489085156588 7.63723438878947 8.23562571996431 9.01237711919227 9.17066355482328 9.41873570094148 9.79003886002855 9.67545707964852 9.68973724623851 10.9684224023444 -10000 -10000 8.58858318750291 8.9061223308843 9.37330920025432 -10000 -10000 -10000 -10000 -10000 6.56103066589657 5.085124146087 5.2704321630585 5.25436547901885 5.20729796816087 6.50757617530321 5.07141676635611 5.08016135674487 5.18850250054083 5.46510218419286 5.95480056273639 6.9021395401965 7.94271754057379 8.23217423638394 8.45892828328426 8.54266598738927 8.86078289580631 8.68033192879342 9.17367638760459 9.513108081846 9.96740087827978 10.7319083571536 11.5952148776801 12.735703340375 13.4936938032157 14.0693330606177 14.5017187191182 14.7499232899854 14.9465032308081 14.9188280929122 -10000 -10000 -10000 -10000 -10000
6.64768837356333 7.44190672805162 7.85902697975154 8.73085190351923 9.10331179921766 9.71178210443183 11.8039369886429 9.88328484521861 9.86479869792102 11.6877691319082 9.40351943877092 8.79300509129753 8.33567131479285 -10000 -10000 -10000 -10000 -10000 -10000 4.92289637978825 5.27197339120843 5.50003297044863 5.78536246164862 5.92879095257992 6.04263283368238 5.99146454710798 6.95654544315157 7.00940893270864 6.97447891102505 6.20496172137039 7.02642680869964 7.98922140881528 8.42726848388825 8.88183630500415 9.14984699154722 9.03037603475591 8.96520680277036 9.20210656704908 9.20018902091981 9.45069496002075 10.0035138666033 10.7141510665239 11.5067866610108 12.6838274069853 13.2596997718193 13.9175986249981 15.5026993846877 14.6222216640172 -10000 -10000 -10000 -10000 -10000 -10000 -10000
7.30586003268401 6.84332341882275 7.51588908521513 8.48632152774915 8.88820487145502 9.17253465724028 9.63711024657818 9.64445772265751 9.60595714402953 9.62231756369957 9.08975340898706 8.58110651715989 -10000 -10000 -10000 -10000 -10000 -10000 6.78014915437699 5.81024238575733 5.97761914028593 6.2941583771802 7.22983877815125 7.40062057737113 7.38274644973891 7.50384074669895 7.62705741701893 7.67136092319064 7.56475701290573 7.67832635650689 7.79564653633459 8.51579221050061 8.91341571815747 9.23366619727968 11.3233013089859 9.57657943358351 10.709293551235 9.26255324342312 9.33308883723524 9.59947282546345 9.9167985665958 10.7817440670923 11.3272823980639 12.4857779882961 13.0325568248214 13.459324066142 13.8854339297349 14.045337326746 14.1307263252587 -10000 -10000 -10000 -10000 -10000 -10000
8.05134093329298 7.27378631784489 6.89467003943348 7.20934025660291 8.40290404501411 8.77601271918292 8.96814141412681 9.18870807184907 9.22798380714878 -10000 -10000 -10000 -10000 -10000 -10000 -10000 -10000 7.61677580869837 7.27655640271871 7.08924315502751 7.7698009960039 7.5963923040642 7.89803969076462 8.090708716084 8.33423142973486 8.35725915349991 8.23429963569625 8.37447688921464 8.10500553754725 8.25114213909075 8.36357570275064 8.76264602965028 10.4364072937752 9.45093083689411 9.56717530311628 9.55704578487742 9.55867059537935 9.63658801926688 9.60440743513198 11.1618064866022 9.79768249363915 10.309152640647 10.9573813764049 11.6047112596008 12.6504891997733 13.0174205522794 13.2034197250174 13.2303689917023 13.1398279795309 -10000 -10000 -10000 -10000 -10000 -10000
9.05753878171822 7.85010354517558 7.1276936993474 6.98841318199959 7.48885295573346 9.21293699782345 9.34539560296905 9.30610499396056 8.34616759436413 -10000 -10000 -10000 -10000 -10000 -10000 -10000 10.74162212941 7.96693349840484 8.11552088154677 8.0805469658245 8.21229713822977 8.28677323113125 8.65591111072806 9.2533040714083 9.26719318356897 9.16345838607605 8.8439036508355 10.9241382997345 8.61504559158374 8.42002127966396 8.55333223803211 8.68777949199177 9.18420171436649 9.29890054895566 9.53914039514886 9.60810927344988 9.79679281386517 9.76675102896266 9.93387125717057 9.94165001363048 9.91046316627255 10.8306193075882 10.5428383084904 11.1007831136087 11.9194633308013 12.5262993494577 12.6654670706634 12.6488881290564 11.9313331224473 -10000 -10000 -10000 -10000 -10000 -10000
9.69707820021308 8.54869185847561 7.50878717063428 7.09672137849476 8.93432333105491 9.27397223222096 -10000 9.33987629332522 9.05321861620397 7.12044437239249 6.4425401664682 -10000 -10000 -10000 7.10085190894405 7.63867982387611 7.98922140881528 8.47741232140439 8.56388591940822 8.61468281269349 8.76029622047005 8.94611437556074 9.45006568288207 11.0490788423982 9.73074001817645 9.50263678197871 9.32143441948177 8.68946441235669 8.51117511909067 8.33950090300594 8.64523454129712 10.6385920828566 8.90395107205871 9.14099029384139 9.44912102406979 11.2530530931577 9.92808259939151 10.2068091869756 10.3755515577488 10.3290493623434 10.3001137119771 10.1125727465993 10.1709924275491 10.5361147933003 10.9769700497318 11.2737033434433 11.5239643120854 11.4750989794298 11.2038971744988 -10000 -10000 -10000 -10000 -10000 -10000
10.0976141547798 8.97979449089521 7.70751219460034 -10000 -10000 -10000 10.1210153650647 9.8305942270158 -10000 -10000 5.91215074038826 5.1896179496247 6.85561952456161 6.95939851213398 7.53208814354172 7.36010397298915 8.3250636936312 8.62640627638955 8.91152994173656 9.12412867515712 9.17884970488481 9.50368140227964 9.77485840993895 9.94836531131421 10.1641966017365 9.81049468568696 9.405989388981 8.95647984799991 8.30770596654951 8.14670905220332 7.96589273508453 8.36030543587909 8.60483770126828 8.7815554585464 9.0864763847538 9.77303712315206 10.2119644069946 10.617711058698 11.7853999865728 10.9112082185161 10.7519490213826 10.3915152676261 10.0551780657766 10.0323204243791 10.2896678992324 11.4356663794233 10.6284240555855 10.5141766106556 10.1595628520853 -10000 -10000 -10000 -10000 -10000 -10000
10.176867840277 9.1801903950253 7.76046702921342 8.82187986268384 9.3844617322048 -10000 12.9044560928854 -10000 -10000 8.85552084853691 -10000 -10000 7.3185395485679 7.50163445788341 7.46393660446893 7.95542508891267 8.33591109419694 8.74957394808293 9.12913031655064 11.3153034508861 9.30072937170386 9.63867529417509 10.8545661098959 10.0851839139362 12.0879983174523 10.1497615212392 9.35677565020573 8.88377886146348 7.94058382710424 7.59135704669855 7.57353126274595 7.65964295456468 7.84463264446468 8.48735234940522 9.12576239550089 9.9311513565186 10.546367228196 11.0473918303959 12.0157048040361 12.079153628598 11.9723230484287 10.8676728095195 10.280347403634 9.8755509338431 9.6497559194539 9.77786763861148 9.76634966431749 9.53336545669996 -10000 -10000 -10000 -10000 -10000 -10000 -10000
10.0708646619443 8.96469555531546 7.56475701290573 -10000 -10000 -10000 -10000 9.8323137330816 -10000 -10000 -10000 -10000 -10000 -10000 7.93164402145431 -10000 8.39660622842712 8.663714844079 10.5946327304254 9.25129035830514 9.11569996782206 9.3888212293842 9.63606551909171 9.78131991856192 10.0627110580841 9.73477299914839 9.29477342795101 8.86319134069085 7.51425465281641 8.69332898912311 7.21817683840341 7.20637729147225 7.52294091807237 8.1934002319521 9.26017760682335 10.186069139599 10.941854314189 12.1340072013798 12.4461047785092 12.5594300926566 12.437426400693 12.0882739847517 10.6207418084393 9.857705359881 9.21870528830781 8.78676220844109 8.6978466911095 8.48052920704465 -10000 -10000 -10000 -10000 -10000 -10000 -10000
9.69683231872672 8.50248556254396 7.30653139893951 6.45786795332123 -10000 -10000 -10000 -10000 -10000 -10000 7.06561336359772 -10000 8.25712628599743 11.166059399165 -10000 -10000 7.89766815072691 8.34545542816193 8.65399423290838 8.67248607582227 8.70582811026678 8.69734573092535 9.0295376611515 9.23776096755218 9.49092229793766 9.40557815403668 9.18819700729049 8.39298958795693 7.94093976232779 6.81454289725996 6.32022858028588 6.3571487852043 7.0825485693553 8.07713663853845 9.44793894425998 10.4083152244985 11.947852283228 12.4457350069373 12.8403425829679 13.0836890749415 12.8728347821454 12.4499438863346 -10000 9.91036385647556 -10000 -10000 8.60776488960062 7.11639414409346 -10000 -10000 -10000 -10000 -10000 -10000 -10000
9.07406235368355 7.82604401351897 6.94601399109923 6.35053661564644 6.14697144970638 8.63087895582005 8.75919775037137 8.69984802600031 6.09942168861307 -10000 -10000 7.36454701425564 7.91425227874244 -10000 7.87587915949631 7.41397029019044 7.56216163122565 7.32118855673948 8.05356916913454 8.10802122137675 8.05547514175727 7.67182679787878 7.93666015522543 8.95092176479726 9.08579703690158 9.21930011334766 8.92292493064183 8.5769703954521 8.04654935728308 7.50714107972761 6.0407307884109 6.12533963066401 6.79838674192677 8.24879073369641 9.60413767521666 10.5177538502426 -10000 12.5683971008842 13.0730554792338 15.2026573056995 13.1493635693867 -10000 -10000 9.68930374259339 8.18060094759445 -10000 -10000 6.61940631754265 -10000 -10000 -10000 -10000 -10000 -10000 -10000
8.16365617616843 7.4500795698075 6.89213389807918 6.55236522350628 6.35853526722883 6.28860177833052 -10000 7.03966034986208 -10000 -10000 -10000 -10000 -10000 -10000 7.29165620917446 7.01031186730723 5.67332326717149 6.68636019820204 6.84214952188414 6.8630716713555 6.43998914467659 6.65208853596237 7.00850518208228 7.96693349840484 8.36683530982767 8.85023096558882 11.3081865053321 8.73133636053315 8.09132127353041 7.48885295573346 5.85678964378138 5.76863344697582 6.44238091812006 7.95050243480885 9.43771495981821 -10000 12.0321001382224 12.4719078025519 12.8690389303886 13.1253209993254 -10000 -10000 -10000 -10000 7.13329595489607 7.06987412845857 -10000 -10000 -10000 -10000 -10000 -10000 -10000 -10000 -10000
