data_gis/fral_2010_popSize.asc
NCOLS 157 
NROWS 98 
XLLCORNER 84247.92649 
YLLCORNER -828428.80646 
CELLSIZE 20000 
NODATA_value -10000 
[rows 50 to 74 of 98, columns 57 to 113 of 157]
-9999 -9999 -9999 -9999 -10000 -10000 -10000 -10000 -10000 -10000 -10000 -10000 -10000 10.3502545400014 -10000 -10000 -10000 13.394120315359 13.2563416701541 12.8240867132746 12.0935644235511 10.8088184441739 9.6638969875516 -10000 6.45409732827249 4.61412992735956 -10000 -10000 -10000 -10000 -10000 -10000 -10000 5.57367378930918 5.24597088617583 -10000 4.0517849478033 3.70622809244855 2.64617479738412 -10000 -10000 1.09861228866811 2.06686275947298 2.98568193770049 3.75887182593397 4.35156742718917 4.88809094133816 5.29981624267177 5.59656839034905 5.69170989342193 5.63121178182137 5.39226297939056 4.97258722645873 4.3267781604434 3.33932197794407 1.96009478404727 -10000
-9999 -9999 -9999 -9999 -10000 -10000 -10000 -10000 -10000 -10000 -10000 9.11217612318895 -10000 -10000 -10000 13.9003681171527 14.3530817100367 14.5008478203526 14.3256305328186 13.9135778425506 13.1821839113228 12.06638520038 10.5477595653139 9.04829192002178 -10000 -10000 -10000 -10000 -10000 -10000 -10000 -10000 6.1165541579468 6.71683687496266 7.00124562206948 6.74464794111199 6.17669852534897 5.02322240960173 4.35799005684564 3.26575941076705 2.53369681395743 3.26575941076705 4.17899203628239 4.98154971320116 5.63407506223138 6.15485809401642 6.57479686166072 6.97354301952014 7.28069719538474 7.50439155916124 7.54644627374602 7.34407285057307 6.85761920948834 6.09469780174963 5.0166173657738 3.84801767545223 2.2512917986065
-9999 -9999 -9999 -9999 -10000 -10000 -10000 -10000 -10000 -10000 -10000 10.5283291253893 -10000 13.2695602209723 14.2188393858499 -10000 16.0268718505215 16.1343662637147 15.9542697500984 14.746065865297 14.0282028849991 12.9807329905735 -10000 -10000 -10000 -10000 -10000 -10000 -10000 -10000 -10000 6.41247486655161 7.54750168281497 8.18255926406867 8.45659356928731 8.36427508499152 7.84541603659248 7.02019070831193 5.59396760864899 4.77659930161562 4.46590811865458 5.10957524195116 5.9586830575836 6.70857236511277 7.27724772663148 7.77233157516961 8.26126815057765 8.71489585024849 9.06670092177457 9.25693765735297 9.18563775933581 8.95079213876817 8.45892828328426 7.66528471847135 6.65053774733418 5.20235697540213 3.6988297849671
-9999 -9999 -9999 -9999 -10000 -10000 -10000 -10000 -10000 -10000 -10000 12.0317192583854 -10000 -10000 14.9824694204251 16.3290848363175 16.6931481348006 16.8346170143864 16.616845798749 16.2117954438764 14.6872251740815 -10000 -10000 -10000 -10000 -10000 -10000 2.50959926237837 -10000 5.14283246370764 6.34282539622295 7.94555542825349 8.88211404420882 9.48295956675092 9.68812614166397 -10000 9.16847616787748 8.40804774415544 7.35564110297425 5.97888576490112 5.99271376650841 6.71332065430438 7.52617891334615 8.27690348126706 8.9157008189569 9.46629955223202 9.94222738085206 10.2948537362648 10.5270702697102 10.604627704025 10.5093596849846 10.2841817116524 9.85314117809939 9.10264379652081 8.09315669772264 6.71453454131918 4.87976701889122
-9999 -9999 -9999 -9999 -10000 -10000 -10000 -10000 -10000 -10000 -10000 13.1199685120021 -10000 -10000 16.2277534102249 -10000 17.2587816304479 17.5741026244895 17.2302105016839 16.62480463297 -10000 -10000 -10000 9.98773678498103 8.31996102188653 7.30249642372733 5.3322355847515 3.79773385902602 4.75789127300576 5.63693016766836 7.88004820097158 9.0280988119824 9.90313749127183 11.6200025065541 11.8082185004233 11.668714801466 10.1404945605095 9.39482625159951 8.42178300661158 7.42833319419081 7.35500192110526 8.21419441485256 9.04593731568457 9.84845041660622 10.4691138127682 10.9879333012867 11.336140552634 11.6037163572519 11.9670600950502 12.2598882562018 12.3715870840077 12.0920020851019 11.4770495517317 10.1858052624888 9.11921143856508 7.88570539124302 6.25094002766958
-9999 -9999 -9999 -9999 -10000 1.62924053973028 1.94591014905531 -10000 -10000 -10000 -10000 14.1919443047095 15.0145565454354 -10000 16.9340997288959 17.2614946721755 17.6055402870984 19.733485194187 17.5097260500712 16.8185953354937 -10000 -10000 12.9712288111967 11.0351315702494 9.27883978840087 7.90211754627645 6.00141487796115 4.65396035015752 5.24174701505964 7.28000825288419 8.81418182318832 9.89912806375868 -10000 12.3728363034082 12.6025104633188 12.3820616942509 11.9432392710478 10.1180342566248 9.21880445038831 8.46146904264388 8.68440111040014 9.60837796425555 10.4547254869134 11.219292387025 11.8194391051571 12.2535142817968 12.6697532012138 13.1833756887653 13.5430782807194 13.7263700068003 13.5845515453404 13.22052584919 12.4620008583637 11.61675380745 10.0287095172895 -10000 -10000
-9999 -9999 -9999 -10000 -10000 -10000 5.91350300563827 -10000 -10000 -10000 -10000 -10000 16.5034840982265 -10000 17.3166639170422 17.4664154181957 17.5961221619976 17.5453793525953 17.2303424327077 16.7022547441711 16.0505309020758 14.3195042974643 13.0180867186058 11.3234946975162 9.60588981529697 8.17301131172497 6.02102334934953 5.04342511691925 6.34756432567082 8.05134093329298 9.41377089198037 -10000 12.4329930555259 13.0092596267976 13.4631249729868 13.067780467634 12.4239463354848 11.6887174168844 9.72943174015921 9.26719318356897 9.89454771096665 10.8617835785553 11.7087471502345 12.4997566701776 13.142781501518 13.7064331431873 14.1821475158562 14.5366322767733 14.6556167631369 14.5794251013364 14.3816240471849 14.1402839144821 13.5487455243012 12.7579499974256 11.2484780322136 -10000 -10000
-9999 -9999 -1.6094379124341 -10000 -10000 5.72423848322358 6.91473089271856 7.63964228785801 -10000 -10000 -10000 -10000 16.9273216602831 17.4300713408059 17.724593886774 -10000 17.3902205894506 17.1857290094804 16.8109505888195 16.383849472075 14.9461020183859 13.9989989337601 12.7324890982324 -10000 9.52369019117654 7.8046592970561 5.80844274519963 5.15848042136024 6.81990718840894 8.38297584929643 9.67243782965082 11.8655170834713 12.6236902783437 13.4841036707723 16.226639155528 13.4494099026783 12.5817243856644 11.8155158541551 10.0184220906282 10.0496204614841 11.0220005029106 11.9948391372416 12.957731629241 13.7269197525157 14.4342999659422 14.9437509021393 15.3106788305325 15.4115701787956 15.4528980173178 16.2781646117321 16.3678203718793 16.279961747407 14.3958697070376 -10000 -10000 -10000 -10000
-9999 -9999 0.53062825106217 2.55722731136763 3.6988297849671 6.56512411504534 7.42952084278646 -10000 11.9058522963803 -10000 -10000 16.406389136459 17.0228498522294 17.7652768780375 19.8810212353138 17.7729808511332 17.3752526088703 17.0005332161931 16.407697654163 15.1941559904721 14.4664644917672 -10000 -10000 10.4175678740226 8.7465573545435 7.03966034986208 5.21003245168046 5.35185813347607 6.93049476595163 8.29479935899257 9.58980367754535 11.7443307936203 12.4136151306157 13.0736394110438 13.4751700492163 13.1082360550557 12.3696869748584 11.6598443439622 10.2264040380091 10.8787827709867 11.9117284302048 13.0489514706332 14.0197990648838 14.8107969264474 15.4171880359707 15.8853079943991 16.1616846936673 16.7153908549686 17.2268509911817 17.3544304704816 17.1228195153153 -10000 -10000 -10000 -10000 -10000 -10000
-9999 -0.510825623765991 1.75785791755237 3.40119738166216 4.63472898822964 7.29573507274928 8.20248244657654 -10000 11.9614883759811 -10000 14.5834441947413 16.2389198354082 16.8923299781908 17.4080636761621 17.7597281897663 17.5084766503854 17.0196449803028 16.4818053429327 15.3205175225585 -10000 -10000 -10000 -10000 9.35244738860101 7.22183582528845 5.49017662782248 5.40267738187228 5.48604097263099 6.58257900210278 7.91352101728389 9.07509322256816 10.1144370577496 11.9196164880042 12.3596431570924 12.5985774640676 12.4073018213768 11.8966628940586 10.3141391873316 10.5394292593253 11.5609343716565 12.8026758855159 13.9477635087301 14.9238355254862 15.6663219620042 16.6221425510038 17.1178895331851 17.5830476687035 17.8490524741912 17.9581041856073 -10000 -10000 -10000 17.0439857610199 -10000 -10000 -10000 -10000
-2.30258509299405 0.832909122935104 2.68784749378469 4.1174098351531 6.62685019080938 7.5422134631934 8.47720418319987 9.79489961211923 11.5101014812791 13.0656067651842 14.1808104003031 15.0211169272961 16.4531613989379 16.9620176480974 17.1596732122546 17.005924107985 16.5934098416778 15.3536700604857 -10000 -10000 -10000 -10000 9.22167588163993 6.86244405627213 5.47142998425668 5.93674433490775 5.93462961035544 6.26568136860619 6.47973776640346 7.27931883541462 8.37724123098879 9.33060920436713 10.0411167875242 11.6352050426785 11.7750666276293 11.6434887069907 10.1677730471815 10.1231450345655 10.9872061453642 12.2456682883885 13.6218214345128 14.7270439918193 15.6578599993067 16.7434423559875 17.4107419701571 18.0023098330833 18.2101240448125 18.4432807099478 -10000 -10000 20.396775208313 18.164546432962 -10000 -10000 -10000 -10000 -10000
0.955511445027436 1.45861502269952 3.20274644293832 6.21440807841952 7.08170858610557 7.9728107841214 8.76655014954635 9.42335277609093 10.6615559934796 12.2799966721955 -10000 14.3583533190119 15.05882474124 16.3639284044978 -10000 -10000 -10000 -10000 -10000 -10000 -10000 8.42485858021344 5.17048399503815 5.08202529018293 5.76205138278018 6.1165541579468 6.44460809053289 6.79245665461867 9.96307634394778 6.60746066847951 7.4318919168078 8.33734856449717 9.08159749608346 9.56731527092391 9.69965631225429 9.60716828668868 9.52529708656284 10.2446629974279 11.403512303983 12.9005289687887 14.1828652696227 15.1653385292974 16.4289105347769 17.4371522780075 18.0134106077607 18.5000717931888 18.7119856659525 18.8378330235673 20.2897637565059 18.665235980276 18.4821471008222 -10000 -10000 -10000 -10000 -10000 -10000
3.05870707271538 2.12823170584927 3.3178157727231 6.33611751581939 7.21597500265147 8.28626945278307 11.6612506380059 8.98956900480703 9.88246818531205 -10000 12.5366956659339 13.4070203789394 14.0632351058839 -10000 -10000 -10000 -10000 -10000 -10000 -10000 4.11577984294217 4.12713438504509 4.09100566095659 5.31566600488265 5.88804658790949 6.67972480609453 7.20637729147225 7.02197642307216 6.80550104494338 6.37383160397017 5.99893656194668 7.01571242048723 7.76556908109732 8.30102525383845 8.47135865507244 8.58858318750291 9.16366796377775 10.4016533781553 11.8423299264654 13.2928704168287 14.5164969316023 15.4894811165187 16.9259452157259 17.7172145045674 18.2948793066652 19.9405544965448 20.1208142782037 20.1564681447661 18.7995196192309 -10000 -10000 -10000 -10000 -10000 -10000 -10000 -10000
4.74144780428064 3.30321697330195 3.18635263316264 6.18084446826938 7.00488198971286 7.77737360265786 8.25868149626424 8.31947369244219 -10000 -10000 10.9838679796094 12.2447788032456 12.8545545179928 -10000 -10000 -10000 -10000 -10000 9.44517531187998 4.58904080405821 3.71843825635548 3.54385368206368 3.10458667846607 5.24544387694097 5.97913889741734 6.96602418710611 10.6491323020538 7.15695636461564 6.41296703291377 5.88693701775405 5.11859243560135 5.09497644253001 6.22039134317792 6.86369889278522 7.31121838441963 7.87283617502572 9.0906555290302 10.5206981670061 12.1043444140228 13.4883597416021 14.6356423099052 16.1169423862041 17.0771671361316 17.8105175412867 18.3411270167084 18.5420137377113 18.7073578115559 18.7112295434129 -10000 -10000 -10000 -10000 -10000 -10000 -10000 -10000 -10000
5.9826760410749 4.65491227788291 3.39114704580865 3.72569342723665 6.46443252831773 6.96790920180188 7.23201033166476 7.2291138777933 7.88870952418201 8.67931204089267 9.7990710356157 -10000 -10000 -10000 -10000 -10000 -10000 4.0842942263686 4.51852237926242 4.16976120150686 3.55534806148941 2.9704144655697 1.7227665977411 5.00796506554038 5.75795495354459 6.52003185235013 6.98286275146894 6.64976145023218 6.02996384625859 5.48396671343467 3.14845336057165 4.17438726989564 5.2786247332023 6.05795428837681 6.8745086851885 7.92371033396924 9.18911673552456 10.5335618041201 12.1648807909535 13.4517836645185 14.5942168948851 16.1117523748543 16.850564693402 17.6873078910368 19.7545209687473 18.2789330152079 -10000 -10000 -10000 -10000 -10000 -10000 -10000 -10000 -10000 -10000 -10000
7.36137542897735 5.76173686791676 4.26408733680919 3.13983261752775 3.69635146895264 6.20010341221931 6.38147755065722 6.36767247414903 5.64721212316781 7.25841215059531 -10000 -10000 -10000 -10000 -10000 -10000 2.73436750941958 3.23474917402449 3.61899332664977 3.55248682920838 3.15700042115011 1.22377543162212 1.22377543162212 1.50407739677627 5.24755024949438 5.7570072358935 5.97482690595496 5.77081787599236 5.27913454713126 2.53369681395743 3.62167070442049 5.06006017742378 6.11500873319944 7.14677217945264 8.02256894698825 8.74989095553526 9.56345899971214 10.5276061466856 11.95078031588 13.2231096638614 14.3627286684497 15.8708142362769 16.5686571891569 17.2161355091527 17.728236915982 17.7419524695323 17.6672747246692 -10000 -10000 -10000 -10000 -10000 -10000 -10000 -10000 -10000 -10000
8.47303229563047 6.8812059437486 5.15213485636996 3.44361809754611 2.58776403522771 3.01062088604774 3.48737507790321 -10000 -10000 -10000 -10000 -10000 -10000 -10000 -10000 -9999 -9999 2.66722820658195 2.9704144655697 3.25424296870549 2.97552956623647 2.23001440015921 1.33500106673234 1.09861228866811 1.56861591791385 4.97189446577983 5.11439452838711 4.99111262760739 2.21920348405499 3.46885603013597 4.93949726626292 6.22969373584023 7.5109777520141 8.55313931818971 9.87369822372538 9.97762052437736 10.4244813052177 10.8914661877011 11.6997949973602 12.800503853151 13.8252440336229 14.7508169408834 16.1532852693864 16.6103094848997 16.8411031416998 16.7528951342905 16.5099012918641 -10000 -10000 -10000 -10000 -10000 -10000 -10000 -10000 -10000 -10000
9.31641063570325 7.77988511507052 6.01273668238352 4.07923092441205 2.07944154167984 1.43508452528932 1.58923520511658 -10000 -10000 -10000 -10000 -10000 -10000 -10000 -9999 -9999 -9999 0.182321556793955 1.64865862558738 3.03495298670727 7.28892769452126 2.9338568698359 1.38629436111989 0.336472236621213 0.0953101798043249 0.78845736036427 1.22377543162212 1.43508452528932 2.99573227355399 4.69134788222914 6.10233485593941 7.59940133341582 8.82820108917151 9.7914939755752 10.5600744777843 11.3994319660822 11.8801278009531 12.1700464245492 12.1702485573097 12.4664233456754 13.2137641070755 14.0327036403016 14.7474293333192 15.945348829738 16.1317437899494 16.0287291027289 15.0219495188248 -10000 -10000 -10000 -10000 -10000 -10000 -10000 -10000 -10000 -10000
9.91724251776846 8.44891435066294 6.69245588169098 4.66814498514948 -10000 -0.510825623765991 -0.510825623765991 -0.693147180559945 -0.22314355131421 -10000 -10000 -10000 -9999 -9999 -9999 -9999 -9999 -0.105360515657826 1.30833281965018 2.23001440015921 2.98061863574394 2.21920348405499 1.25276296849537 -0.22314355131421 -9999 -0.693147180559945 -0.105360515657826 2.07944154167984 4.0926765051214 5.74748032992192 7.36454701425564 8.75888368001702 9.92930148742911 10.8469458804812 11.9949873503476 12.684434993151 13.1604854103064 13.3249678383 13.2612780043874 13.2337115313246 12.8366207563336 13.2176608298549 13.9002854358532 14.319681286958 14.5958702202909 14.5277336312245 14.1791788910525 -10000 -10000 -10000 -10000 -10000 -10000 -10000 -10000 -10000 -10000
10.309485851806 -10000 -10000 -10000 2.50143595173921 -0.105360515657826 -10000 -10000 -9999 -9999 -9999 -9999 -9999 -9999 -9999 -9999 -9999 -9999 0.587786664902119 1.19392246847243 1.54756250871601 1.28093384546206 0.587786664902119 -9999 -9999 -9999 0.587786664902119 3.14415227867226 5.02453819926525 6.78581360817689 8.31287139434261 9.67048304137504 10.8056996438007 12.2312626953537 13.1374765952143 13.7795962924832 14.1789272253299 14.3482025603789 14.2473423238215 13.8390874263923 13.149655535077 12.6820863033191 12.8931086910843 13.2409674092844 13.3852890227296 13.3327734003619 12.9076120129741 -10000 -10000 -10000 -10000 -10000 -10000 -10000 -10000 -10000 -10000
10.4632747543508 8.99006769575366 7.30720231476474 -10000 2.2082744135228 -10000 -10000 -9999 -10000 -10000 -9999 -9999 -9999 -9999 -9999 -9999 -9999 -9999 -9999 -0.105360515657826 0.182321556793955 -0.22314355131421 -9999 -9999 -9999 -2.30258509299405 1.66770682055808 3.91202300542815 5.83714718672362 7.51207124583547 9.05403737758078 10.3797838414049 11.9368917001958 13.0550262772283 13.9368800435027 14.5763467603685 15.7869370917148 15.9224075992617 15.8791918060968 14.5905657822992 13.78853085698 12.9249874703829 12.1301954168571 12.0682405897254 12.1796773341706 12.0288878728414 -10000 -10000 -10000 -10000 -10000 -10000 -10000 -10000 -10000 -10000 -10000
10.4028679286174 -10000 -10000 -10000 -10000 -0.693147180559945 -10000 -10000 -10000 -10000 -10000 -10000 -9999 -10000 -9999 -9999 -9999 -9999 -9999 -9999 -9999 -9999 -9999 -9999 -9999 -0.693147180559945 2.29253475714054 4.45201900649392 6.29360410464869 8.06274790108635 9.57477513052635 11.2024795852532 12.4633006651231 13.65666956245 14.5856210944725 16.0308220214017 16.4587388199921 16.6453433709292 16.4693997778453 16.0490754219543 14.4145151767885 13.3362159004776 12.200763577335 10.9367432077262 10.6441621956313 10.4084661155102 -10000 -10000 -10000 -10000 -10000 -10000 -10000 -10000 -10000 -10000 -10000
9.99738764772918 8.54051901671973 -10000 -10000 -10000 -10000 -10000 -10000 -9999 -10000 -9999 -9999 -10000 -10000 -9999 -9999 -9999 -9999 -9999 -9999 -9999 -9999 -9999 -9999 -9999 -0.356674943938732 2.61739583283408 4.68951133442184 6.57939009125482 8.33854487998858 9.87344063118383 11.2929518839868 12.8718666147438 14.0254318795974 15.8208701848432 16.4811640531165 17.0504488479635 17.4075334572521 17.0500891662622 16.4662760784317 -10000 13.5973744484606 -10000 -10000 9.6899848782586 8.95376929454945 -10000 -10000 -10000 -10000 -10000 -10000 -10000 -10000 -10000 -10000 -10000
9.41238285338234 7.91644286012226 6.17524337489991 4.15261347034608 1.84054963339749 -2.30258509299405 -9999 -10000 -10000 -9999 -9999 -10000 -9999 -9999 -9999 -9999 -9999 -9999 -9999 -9999 -9999 -9999 -9999 -9999 -9999 -0.22314355131421 2.62466859216316 4.65681341913993 6.54907833237273 8.38068594676157 9.78470401654616 11.4858933679189 12.982963369523 14.1425758303676 -10000 16.628778664556 17.4200433724294 19.748508183745 17.4454111539994 -10000 -10000 13.4212894979516 11.5894049086754 -10000 -10000 7.37775890822787 -10000 -10000 -10000 -10000 -10000 -10000 -10000 -10000 -10000 -10000 -10000
8.61050136854989 7.05185562295589 5.32105685351753 3.42100000895834 -10000 -2.30258509299405 -10000 -10000 -10000 -10000 -10000 -10000 -9999 -9999 -9999 -9999 -9999 -9999 -9999 -9999 -9999 -9999 -9999 -9999 -9999 -0.916290731874155 2.24070968927596 4.21508617991823 6.19297579829508 8.19533366716287 9.44643963445061 11.1478150422104 12.8226977885778 -10000 15.8121272650253 16.4889908461561 17.0158905445155 17.3310703761428 -10000 -10000 -10000 -10000 9.94654704199658 9.31524078180155 -10000 -10000 -10000 -10000 -10000 -10000 -10000 -10000 -10000 -10000 -10000 -10000 -10000
