data_gis/fral_2010_popSize.asc
NCOLS 157 
NROWS 98 
XLLCORNER 84247.92649 
YLLCORNER -828428.80646 
CELLSIZE 20000 
NODATA_value -10000 
[rows 50 to 74 of 98, columns 0 to 56 of 157]
-10000 -10000 -10000 -10000 -10000 -10000 -10000 -10000 -10000 -9999 -9999 0.470003629245736 2.89037175789616 5.37574126351284 6.64092103904319 7.92840602618053 10.6292471208235 10.8020622786045 11.5566456556598 12.2663442638717 12.6908140138199 12.2596465872634 11.6670361439975 10.9229123233072 8.79618763547045 7.6377164326648 -10000 3.50855589998265 1.80828877117927 -1.20397280432594 -9999 -9999 0.0953101798043249 0.916290731874155 1.19392246847243 1.3609765531356 1.09861228866811 0 -1.20397280432594 -9999 -9999 -9999 -9999 -9999 -9999 -10000 -10000 -10000 -10000 -10000 -10000 -10000 -10000 -9999 -9999 -9999 -9999
-10000 -10000 -10000 -10000 -10000 -10000 -10000 -9999 -9999 -9999 -9999 1.6094379124341 3.50254987592244 5.46763811116474 6.85033800811219 8.33302993974291 9.21721667591562 11.0160684904316 11.7220025457394 12.5313864289551 15.2887990250913 12.5926674915546 11.722813549482 10.9927058555624 -10000 7.70391020961631 6.27964649460141 -10000 1.84054963339749 -1.20397280432594 -9999 -9999 -9999 0 -10000 0 -9999 -9999 -9999 -9999 -9999 -9999 -9999 -9999 -9999 -10000 -10000 -10000 -10000 -10000 -10000 -9999 -10000 -9999 -9999 -9999 -9999
-10000 -10000 -10000 -10000 -10000 -10000 -10000 -9999 -9999 -9999 -0.510825623765991 2.41591377830105 4.07243972683405 5.28269598564508 7.78113850984502 8.52951694110507 -10000 10.8511412833524 11.5273312022778 12.1468055393723 12.4634707528734 12.0983259518794 11.4926105064548 10.8343318654178 8.73857519211079 7.57353126274595 -10000 -10000 -10000 -1.6094379124341 -9999 -9999 -9999 -9999 -9999 -9999 -10000 -10000 -9999 -9999 -9999 -9999 -9999 -9999 -10000 -9999 -10000 -10000 -10000 -10000 -10000 -9999 -10000 -9999 -9999 -9999 -9999
-10000 -10000 -10000 -10000 -10000 -10000 -10000 -9999 -9999 -9999 0.641853886172395 2.87919845729804 4.50534985070588 7.23777819192344 8.03268487596762 8.92811007820265 9.54021949312775 9.69830670159609 11.0271338589239 11.4522939681302 11.5603909426059 11.4006186573683 10.9355147828929 9.13183814382123 8.21581779183245 7.0057890192535 -10000 -10000 0.993251773010283 -10000 -9999 -9999 -10000 -9999 -9999 -10000 -10000 -10000 -10000 -9999 -9999 -9999 -9999 -9999 -10000 -9999 -10000 -10000 -10000 -10000 -9999 -9999 -9999 -9999 -9999 -9999 -9999
-10000 -10000 -10000 -10000 -10000 -10000 -10000 -10000 -10000 -9999 -10000 3.02529107579554 4.61115225766564 7.35883089834235 8.17835816560584 9.21979553074694 12.518621705612 9.53985992316954 9.4258548961259 10.7143955462833 10.8046646466002 10.6733874191945 9.30728557803266 8.32239411311117 7.44600149832412 -10000 -10000 -10000 -10000 -10000 -10000 -9999 -10000 -10000 -10000 -10000 -9999 -9999 -9999 -9999 -9999 -10000 -9999 -10000 -10000 -10000 -10000 -10000 -10000 -10000 -9999 -9999 -9999 -9999 -9999 -9999 -9999
-10000 -10000 -10000 -10000 -10000 -10000 -10000 -10000 -10000 -10000 0.587786664902119 -10000 4.38825718442452 7.20042489294496 7.93951526066241 8.73036721169296 9.22157700390217 8.94141462800684 8.72225423517968 8.77709288285557 8.6821990260005 8.52476445691256 8.06557942728209 7.34601020991329 6.4350279438148 5.30230938781757 -10000 4.58190155904874 -10000 1.88706964903238 -10000 -1.20397280432594 -10000 -10000 -9999 -10000 -9999 -9999 -9999 -9999 -9999 -10000 -9999 -9999 -9999 -10000 -10000 -10000 -10000 -10000 -9999 -9999 -9999 -9999 -9999 -9999 -9999
-10000 -10000 -10000 -10000 -10000 -10000 -10000 -10000 -10000 -10000 -0.693147180559945 2.06686275947298 3.7796338173824 4.92289637978825 7.49776170062257 7.97590836016554 8.16905314992734 8.05610965954506 7.87663846097546 7.36897040219479 7.44483327389219 7.28069719538474 6.83486195346181 6.24978217342985 6.02005200395989 6.37007220104626 -10000 -10000 -10000 4.77153172320332 -10000 1.02961941718116 -1.6094379124341 -10000 -9999 -10000 -9999 -10000 -9999 -9999 -10000 -9999 -9999 -10000 -9999 -10000 -10000 -10000 -10000 -10000 -9999 -9999 -9999 -9999 -9999 -9999 -9999
-10000 -10000 -10000 -10000 -10000 -10000 -10000 -10000 -10000 -10000 -9999 0.693147180559945 2.76000994003292 4.03069453514564 4.96284463025991 7.2115567333138 7.31388683163346 7.21964204013074 5.75858626669687 5.88109148962661 6.04025471127741 5.82363743646448 5.84383423010396 6.35506545111745 7.10085190894405 7.62851762657506 -10000 7.60986220091355 7.11801620446533 6.27701935854359 5.11078224270119 2.64617479738412 0.832909122935104 -2.30258509299405 -9999 -9999 -9999 -10000 -9999 -9999 -10000 -9999 -10000 -9999 -9999 -10000 -10000 -10000 -10000 -9999 -9999 -9999 -9999 -9999 -9999 -9999 -9999
-10000 -10000 -10000 -10000 -10000 -10000 -10000 -10000 -10000 -10000 -10000 -9999 1.22377543162212 2.75366071235426 3.74242022104197 -10000 4.59612944133594 4.54542018158232 4.25561270981822 3.97217692824789 3.97781074596615 5.00595770454514 6.25709271002835 7.25134498337221 8.06777619577889 9.93735743704374 10.1175903591982 9.94855651590371 8.12474302038557 7.32448997934853 6.25478988805502 4.75703253529734 2.18605127673809 -0.22314355131421 -9999 -9999 -9999 -10000 -9999 -9999 -9999 -9999 -10000 -9999 -9999 -10000 -10000 -10000 -10000 -10000 -9999 -9999 -9999 -9999 -9999 -9999 -9999
-10000 -10000 -10000 -10000 -10000 -10000 -10000 -10000 -10000 -10000 -9999 -9999 -9999 0.741937344729377 2.11625551480255 2.82731362192903 3.01553490085017 2.92316158071916 2.61739583283408 -10000 3.92592591059714 5.68731428194889 6.99484998583307 8.01565761455734 10.1473352854086 10.6702104207544 10.9052401281598 10.7516707351956 10.2079898682182 8.14960173573616 7.06817200038804 5.7091016361338 3.86702563949741 -10000 -2.30258509299405 -9999 -9999 -2.30258509299405 -0.916290731874155 -10000 -0.356674943938732 -10000 -10000 -2.30258509299405 -9999 -10000 -10000 -10000 -10000 -10000 -1.6094379124341 -0.22314355131421 0.53062825106217 0.0953101798043249 -0.510825623765991 -2.30258509299405 -9999
-10000 -10000 -10000 -10000 -10000 -10000 -10000 -10000 -9999 -10000 -9999 -9999 -9999 -9999 -0.510825623765991 0.587786664902119 0.993251773010283 0.641853886172395 -0.105360515657826 1.64865862558738 4.48525988931553 6.20617261960109 7.47420480649612 9.82773977509785 10.6107841562005 11.3078919328283 11.6794309376349 11.3627651463846 10.6410104058156 9.89399261797433 7.56164174558878 6.24920274318669 4.67749084756772 3.05400118167797 2.26176309847379 1.3609765531356 -0.22314355131421 0.693147180559945 2.71469474382088 3.55248682920838 -10000 -10000 3.11351530921037 0.916290731874155 -0.693147180559945 -10000 -10000 -10000 -10000 -10000 0.53062825106217 2.18605127673809 2.8094026953625 2.99573227355399 2.46809953147162 1.3609765531356 -0.356674943938732
-10000 -10000 -10000 -10000 -10000 -10000 -10000 -10000 -10000 -9999 -9999 -9999 -9999 -9999 -9999 -9999 -9999 -9999 -0.916290731874155 1.77495235091167 4.80073696953207 6.32722224279133 7.66058546170326 9.96997729380496 10.7832180290985 11.6737169032138 14.6241002595341 11.7085498126468 10.8554156620014 9.99807019502208 7.67740043051481 6.4287512675391 5.30876262440958 4.42723897749543 4.16666522380173 3.49953328238302 2.74727091425549 3.77734810210154 4.87519732320115 -10000 -10000 5.61057009293402 5.07454861983991 3.9982007016692 1.3609765531356 -10000 -10000 -10000 -10000 -10000 2.35137525716348 4.82751341713153 5.2257466737132 5.28523212699938 4.55912624748668 3.74714836223791 2.54944517092557
-10000 -10000 -10000 -10000 -10000 -10000 -10000 -10000 -10000 -10000 -1.20397280432594 -9999 -9999 -9999 -9999 -9999 -9999 -9999 -0.916290731874155 1.45861502269952 4.50092016461429 6.2079862221133 7.49220304261874 9.82973336394747 10.6087609128939 11.3165090405837 11.6910967546411 11.285547963124 10.6320983973716 9.89857550817511 7.50108212425987 6.43422543995984 5.91647156806655 5.78751069018691 5.58986695052631 5.05049682752139 4.88128562206841 5.51221833649531 6.29304952472875 6.83238497195736 -10000 6.88979495360514 6.40075566004968 5.56068163101553 4.33073334028633 -10000 -10000 -10000 -10000 -10000 -10000 6.74782124106581 7.18159194461187 7.18614430452233 6.50488679672124 5.41298444152616 4.47392189937814
-10000 -10000 -10000 -10000 -10000 -10000 -10000 -10000 -10000 0.741937344729377 0.336472236621213 -0.510825623765991 -1.6094379124341 -9999 -9999 -9999 -9999 -9999 -1.20397280432594 0.993251773010283 3.8458832029236 5.70178047198553 6.99393297522319 8.03689677268507 10.1389153426836 10.6500570095921 10.7290217211394 10.6326049768853 -10000 -10000 -10000 6.5663910962805 8.25218543600333 8.3228800217699 8.20467182895081 6.24862297700947 6.06308729078095 6.53029436728357 7.17548971362422 9.29007533999504 9.44722902508206 9.55030649785165 7.39572160860205 6.56793745210983 5.51423487277051 -10000 -10000 -10000 -10000 -10000 -10000 -10000 8.75352933651643 8.74432876399998 8.16848641712668 7.20266119652324 5.88776931076922
-10000 -10000 -10000 -10000 -10000 -10000 -10000 -10000 2.83907846350861 2.88480071284671 2.76631910922619 1.25276296849537 0.916290731874155 -1.6094379124341 -9999 -9999 -10000 -10000 -10000 0 2.21920348405499 4.69683737451392 6.19318015100857 7.24351297466548 -10000 9.9257870600309 10.0278709798262 9.85335148304233 -10000 -10000 -10000 -10000 9.04629085996968 9.21133987230927 8.93102321585603 8.47969898698866 6.83572207608231 7.13966033596492 9.4982974066224 10.0356117054632 10.2313874370267 10.0656064020126 9.52471305968101 7.34665516317654 6.33416733347983 -10000 -10000 -10000 -10000 -10000 -10000 -10000 10.9955115191274 10.0442489952444 9.54666974124948 8.67025756714308 7.45818615734049
-10000 -10000 -10000 -10000 -10000 -10000 -10000 6.50158992575958 6.66848234573804 6.57800043010845 4.14313472639153 3.91601502669768 2.58776403522771 1.38629436111989 -1.20397280432594 -9999 -10000 -10000 -10000 -10000 0.916290731874155 2.53369681395743 5.03825046112923 6.24494329821826 7.04838640872188 7.57865685059476 7.72621265050753 7.47986413116503 -10000 -10000 8.3250636936312 9.1075321519945 9.89019965820919 10.2401740519157 9.73198723437376 8.98268666518409 8.36753241686183 9.20412107216227 10.0218926169147 10.7820764172263 11.1629281757847 10.7850626083218 10.0381932553884 9.28479828289419 6.86160662295616 -10000 -10000 -10000 -10000 -10000 -10000 -10000 12.5418803757016 11.9178637676741 10.6454487065059 9.86588952212081 8.74925684010501
-10000 -10000 -10000 -10000 -10000 -10000 -10000 -10000 -10000 -10000 -10000 5.9327755507593 4.41279829334063 2.9338568698359 1.41098697371026 -2.30258509299405 -10000 -9999 -10000 -9999 -10000 1.25276296849537 2.53369681395743 4.76046307039413 5.78320960828752 6.25996380014299 6.42858980794402 6.23832462503951 5.861925175753 -10000 8.42266270757 9.36288977043647 10.2893960030951 13.381564181866 10.2312433396166 9.25416585151621 8.54927308487965 9.37704054786718 -10000 -10000 14.2695448534473 11.1630133159823 10.234193194263 9.40845325356515 7.18311170174328 6.89790694292732 -10000 -10000 -10000 -10000 -10000 -10000 13.664408559515 13.1129370892168 12.2727541812708 10.8371269227449 9.78846944095186
-10000 -10000 -10000 -10000 -10000 -10000 -10000 -10000 -10000 9.23200401161221 -10000 7.93773177526011 -10000 4.21803603456465 -10000 -10000 -2.30258509299405 -9999 -10000 -10000 -9999 -0.510825623765991 0.993251773010283 2.17475172148416 4.04480411666196 -10000 5.3626996254773 -10000 6.90032776315334 6.98749024700099 -10000 -10000 9.84607028166618 10.2889540141376 9.88011656621289 9.1821466376054 8.56426759880217 -10000 -10000 11.0701945316696 11.3876909861385 10.7914611110285 10.0626257738744 9.33105244713845 7.88344635413774 8.25270667656764 -10000 -10000 -10000 -10000 -10000 16.0403871585501 14.5411897861906 14.0331783446059 13.2516146232551 12.0892803689099 10.5633106008886
-10000 -10000 -10000 -10000 -10000 -10000 -10000 -10000 12.5737355006613 -10000 9.46738280829585 8.75778365633417 7.56008046502183 5.91079664404053 -10000 1.22377543162212 -2.30258509299405 -9999 -10000 -9999 -10000 -9999 -0.22314355131421 1.70474809223843 3.25037449192757 -10000 6.97073007814353 7.45760928971561 7.67368812926773 7.52294091807237 7.33171496972647 8.55120807000351 9.13852208418571 9.30118605527576 9.13948863100423 8.75652500292697 7.81480342948936 9.57491403870827 10.546971688077 10.8931402640951 10.9005284340954 10.5679780238463 9.66567442723748 8.32530602975258 8.76311532961979 9.30082072510456 -10000 -10000 -10000 -10000 -10000 16.7143086036615 16.2844025719488 14.7126307027627 13.9706947035817 12.875132030561 11.4684718842159
-10000 -10000 -10000 -10000 -10000 -10000 -10000 -10000 13.3199971022999 12.5525447167297 11.7716909539139 9.14281071518258 7.81116338502528 -10000 3.81109708683819 1.30833281965018 -2.30258509299405 -10000 -9999 -9999 -10000 -9999 3.04927304048202 -10000 4.2570301444992 6.70893841965898 7.4899708988348 8.25686684897431 8.67317077287059 -10000 7.57353126274595 -10000 8.32044811395656 -10000 8.37655086161377 7.34601020991329 9.23970498060609 9.95361016193934 10.7092042016996 11.2660013849906 11.0511756788508 10.4671522753178 9.4906956690415 8.86021535890118 9.52937575208596 11.1477574136266 12.339645912278 -10000 -10000 -10000 -10000 17.3730647555734 16.7454977160718 16.1044475377271 14.4189605762218 13.336575966133 11.9937577520983
-10000 -10000 -10000 -10000 -10000 -10000 -10000 16.7208989989705 -10000 -10000 11.9064799220526 9.40393152102837 -10000 -10000 3.55820113047182 0.587786664902119 -10000 -9999 -10000 -10000 -10000 -10000 3.86911550441687 -10000 -10000 6.95177216439891 7.69575799055476 8.68895923427068 12.0763625140074 8.66630261400408 7.67182679787878 6.98007594056176 5.85907535906224 -10000 6.43791163693777 7.13727843726039 9.35858794843639 10.1414014827538 11.0677939443996 14.1037344835871 11.1405275605663 10.2632577013822 9.61387027544984 9.33520935402205 10.9785070402659 12.2465233711387 13.3626251719639 -10000 -10000 -10000 20.2108986522524 17.6930565634195 16.9378812974127 16.2172378428533 14.5631037827689 13.437657212214 12.2181197864408
-10000 -10000 -10000 -10000 -10000 -10000 -10000 -10000 13.3707894160791 12.6315037662792 -10000 -10000 -10000 5.90481674038231 2.87919845729804 -1.6094379124341 -2.30258509299405 -9999 -10000 -10000 -10000 3.83514196109219 -10000 5.22089621957945 -10000 -10000 7.52671756135271 8.25062008217469 8.74033674273045 8.19643681123503 7.45356187164337 6.69789807199366 4.7361984483945 4.92797806041525 -10000 6.844069727296 9.18224949180966 9.95622230751999 10.6641765523157 11.0809110216285 10.7224300291404 10.0295473521969 9.53285855926342 9.54581210826381 11.2222522568624 12.6501877911667 13.7670028538992 16.0299326292622 16.7739355905089 17.3370890787686 17.6637955750763 17.3318409485431 16.7480560363873 16.1186920730633 14.4371767743001 13.3594634813637 12.0337588436832
-10000 -10000 -10000 -10000 -10000 -10000 12.580353197241 -10000 -10000 12.1496821720427 9.490544554572 -10000 -10000 3.83297979808769 -0.916290731874155 -1.6094379124341 -2.30258509299405 -9999 -10000 -10000 3.14415227867226 -10000 -10000 9.26435496028242 -10000 -10000 -10000 -10000 -10000 7.43070708254597 6.91968384984741 -10000 3.37758751602302 -10000 5.00996840510855 6.30882677366117 7.32646561384032 9.50925907635395 10.0011132313206 10.1434488887765 9.97413239210546 9.55555995306906 8.40893960597598 9.4642846724431 11.1953338621123 12.5750501022669 13.6806582933723 14.5764369404788 16.2909231144736 16.7072682439072 16.8780059389279 16.7128572675642 16.3479770121649 14.8807690759318 13.9997843745251 12.9270173694876 11.557305920651
-10000 -10000 -10000 -10000 -10000 -10000 -10000 -10000 -10000 9.25779631313248 8.83477381421388 -10000 -10000 -10000 -1.6094379124341 -2.30258509299405 -9999 -10000 -10000 -10000 -10000 3.82209829790016 4.64727136200673 -10000 4.7211738617444 -10000 4.22097721315547 -10000 -10000 6.65027904858742 4.12390336446365 2.97552956623647 -10000 1.54756250871601 3.89792408104864 5.50288953227681 6.55050874314445 7.33367639565768 9.24329147211587 9.37780206586311 9.24908020029211 7.60090245954208 7.86978390253015 9.0762373874527 10.3376372945042 12.0040421370523 13.1798376302508 14.0444978016007 14.6789674409849 16.0699553805622 16.2317682057069 16.0491747411678 14.8228657420107 14.192708555904 13.3455453279813 12.204215922887 10.7065647924683
-10000 -10000 -10000 -10000 -10000 -10000 7.48042830607421 -10000 -10000 -10000 -10000 -10000 -10000 1.68639895357023 -2.30258509299405 -9999 -9999 -9999 -10000 -10000 -9999 3.2846635654062 3.81109708683819 -10000 -10000 -10000 -10000 -10000 -10000 -10000 2.58021682959233 1.77495235091167 -10000 -0.693147180559945 1.70474809223843 4.30271282795416 5.49429524978948 6.3029852090396 6.83572207608231 7.01929665371504 6.90625415285587 6.60489188453469 7.04925484125584 8.38617292897783 9.69806112202708 10.7886384329689 12.3119450301607 13.2334717424808 13.934991706566 14.4007929787518 14.5456741008034 14.4002475774212 13.9432430443854 13.2976569624245 12.4084623172512 11.0126110708299 9.92329017983231
