data_gis/fral_100_popSize_lowLoss.asc
NCOLS 157 
NROWS 98 
XLLCORNER 84247.92649 
YLLCORNER -828428.80646 
CELLSIZE 20000 
NODATA_value -10000 
[rows 50 to 74 of 98, columns 56 to 111 of 157]
5.23271160945004 5.4359030295006 5.21275947818639 4.69501088998788 0.832909122935104 -10000 -10000 -10000 -10000 -10000 -10000 -10000 -10000 -10000 7.66434663209862 -10000 -10000 -10000 10.0995065364537 10.413132479554 10.2523470351652 9.77820773610937 8.10832229017324 7.0184017990692 -10000 7.61628356158038 3.20680324363393 -10000 -10000 -10000 -10000 -10000 -10000 -10000 1.80828877117927 5.59805152002396 -10000 7.25981961036319 7.70300768247924 7.25841215059531 -10000 -10000 1.91692261218206 2.50959926237837 3.48431228837266 4.54009818924438 5.26940335638339 7.21817683840341 7.71824095195932 7.83715965000168 7.25559127425367 6.84885417106198 6.94985645500077 7.27724772663148 7.1276936993474 9.54738387396569
4.4042772436087 4.57574137529728 4.40549899085902 1.38629436111989 0.955511445027436 -10000 -10000 -10000 -10000 -10000 -10000 -10000 9.16910162395959 -10000 -10000 -10000 10.5130628886721 11.0601328724548 11.4579622868949 11.4614005648168 11.2077309407671 10.7466052596724 9.98723109596899 7.91899248816525 6.48356596187569 -10000 -10000 -10000 -10000 -10000 -10000 -10000 -10000 -0.510825623765991 2.02814824729229 5.73495809212465 6.62273632394984 7.67925142595306 11.3624397276957 7.68982866873648 6.66287723552192 5.74716119795815 3.14845336057165 3.62434093297637 6.01688859944814 6.29045741070563 6.46521116263255 6.37859594852764 8.13241267450091 8.34379173199684 8.33447155460094 7.41336733569524 7.58528107863913 10.7967143448117 7.46106551435428 6.94697599213542
-0.22314355131421 0.405465108108164 1.22377543162212 1.94591014905531 2.14006616349627 -10000 -10000 -10000 -10000 -10000 -10000 -10000 12.6300519695896 -10000 9.90623377820415 10.7992898219829 -10000 12.9883655903205 13.1504142471704 13.094052376335 12.1558472018397 11.6798203061856 10.6712318713029 -10000 -10000 -10000 -10000 -10000 -10000 -10000 -10000 -10000 2.28238238567653 0.955511445027436 1.96009478404727 5.59879226079857 6.4093521752147 7.24208235925696 7.67461749736436 7.20191631753163 6.41934325005305 5.67914819369784 3.87949981372259 6.27739508652096 6.84715565685321 7.16626597413364 7.27724772663148 8.48590890137647 8.88903257187474 9.22118139515406 9.20271134481169 8.88239170629585 7.94236223767433 7.83122021460429 7.06987412845857 6.58147096874841
-1.20397280432594 1.09861228866811 2.2082744135228 2.74727091425549 6.67796468494613 -10000 -10000 -10000 -10000 -10000 -10000 -10000 9.49461665129313 -10000 -10000 11.6056049147094 13.2406955955657 13.6951695033654 13.8665667242392 13.7894293817655 14.6175116950057 12.3176453256765 -10000 -10000 -10000 -10000 -10000 -10000 6.98564181763921 -10000 6.97166860472579 6.42032060800672 3.53805656437935 2.17475172148416 1.22377543162212 2.50959926237837 -10000 6.4350279438148 6.87399164882933 6.72058197145716 6.33434478002453 3.90197266957464 6.01444838349836 6.86192074263834 8.27359179819963 8.13681086367554 8.61013693705898 9.04581943980773 9.70978143687554 10.1695373248608 11.2726230385652 9.45673159001008 8.8768237631806 7.90248743716286 7.26192709270275 6.37297843439363
0.53062825106217 1.90210752639692 2.70136121295141 6.39074389612906 7.2086003379602 -10000 -10000 -10000 -10000 -10000 -10000 -10000 9.64296658814672 -10000 -10000 13.0821182997689 -10000 14.3450440923957 14.6865185275375 14.3718249021266 13.807124493009 -10000 -10000 -10000 6.83722551279161 5.06575459331733 6.36818718635049 6.96696713861398 7.80016307039296 8.36637030168165 7.77527584648686 6.96885037834195 6.11985776187638 2.90690105984738 1.02961941718116 1.56861591791385 3.08648663682246 6.27249957683797 6.58077782392271 6.62949534510926 5.93304062697027 5.58762312011592 6.2283137454783 7.14045304310116 8.15334975799889 11.5622583389889 9.02340820262454 9.45422728442829 10.33653540173 13.1090065710962 10.5885269537019 9.96650929895228 9.52901226111471 8.62407255304333 7.56423847517049 8.65625923953924
1.85629799036563 4.05004430332552 4.22097721315547 6.60367278516258 7.41997992366183 -10000 12.1566197618106 8.52038808231276 -10000 -10000 -10000 -10000 10.5479958074895 11.4318997743272 -10000 13.780978117665 14.1944776747662 14.6885567800628 17.1973412093134 14.6734104462806 13.9102796823336 -10000 -10000 9.58142105322252 7.41697962138115 5.95168367709614 6.58368580907797 7.29165620917446 8.20521842639541 11.7616042006408 8.19891444498699 7.21670948670946 6.28655659773478 -10000 1.06471073699243 1.3609765531356 5.08574276658306 5.89989735358249 6.66326040175689 7.10906213568717 6.68210859744981 6.12905021006055 6.69332366826995 7.34213173058472 8.15593633797239 8.75966867102994 9.25157827999243 9.94812625415451 10.5735963764695 10.9697143810601 11.7671179698347 10.6431365667475 11.7429492928051 9.22926025682869 8.22443157322116 6.89992469986695
4.32545628318549 6.66721121298776 5.04664573161929 6.58340922215876 -10000 -10000 -10000 8.03883475778775 -10000 -10000 -10000 -10000 -10000 13.1352796026709 -10000 14.1628697446654 14.3284778866421 14.5641818453895 14.6651741891362 14.3052487974872 13.7003286364754 12.9593219584916 10.904964663771 9.47784524698915 7.71556953452021 6.54131855784145 6.74122832808682 7.12205988162914 7.79564653633459 8.20303024171486 7.76046702921342 6.94697599213542 -10000 2.76631910922619 0.955511445027436 1.30833281965018 5.21439213161028 6.09040449496289 7.1066061377273 10.8432799441954 7.18765716411496 6.68286019462912 7.02731451403978 7.95577578153419 8.82305893430165 9.50375597627572 10.2510057006894 10.8965911664232 11.332470165634 11.5371691963407 11.4202946923463 11.0973191077852 10.7050630382719 10.0087030576804 9.09043007530363 7.6182510978767
4.96214508493582 5.61057009293402 5.9786325682926 5.7261960694931 -10000 -10000 7.42117752859539 7.2115567333138 6.72946558330155 -10000 -10000 -10000 -10000 13.5775084124558 14.2366587084076 14.6058121258229 -10000 14.2961660046372 14.1415889654015 13.7046683787372 13.2344180371997 11.5472689189927 10.4696532713353 9.1122864315008 -10000 9.87909239570141 6.1426823588506 6.69233185068307 7.01391547481053 7.17242457712485 6.94312242281943 6.40539373362828 3.51452606696916 1.98787434815435 -0.22314355131421 1.02961941718116 5.04793107883995 5.94542060860658 6.69369534640097 7.21964204013074 7.05098944706805 7.81802793853073 8.38206051742474 9.2137346050442 10.0590372532771 10.857305256301 11.4775884006805 11.9221235966675 12.1334750706136 13.4139831867838 13.077232111296 13.1105377292423 12.9456619977862 10.817375399794 -10000 -10000
7.37650812632622 6.26985357264817 9.6545132411874 7.44541755670169 7.15070145759253 6.69158734140435 6.61820479547033 6.47064469303843 -10000 7.77569574991525 -10000 -10000 12.9741231961168 13.7417111535832 14.5544137805874 17.1289880207712 14.583934491673 14.1061961154358 13.7340965771921 13.0940173993941 11.7439498805353 10.9001593963571 -10000 -10000 6.77741877725413 6.19949446061214 5.62762111369064 5.03760174232607 6.28785856016178 6.27268830949872 6.11390339430056 3.54673968695281 2.50959926237837 0.916290731874155 -1.6094379124341 -0.510825623765991 2.91777073208428 5.54047892369801 6.153370788951 6.69406688643868 7.91826468609527 8.62998601889136 9.53488460916053 10.4797918803292 11.3480036508561 12.0135795334147 12.5438262037653 12.8281319043744 13.4482483375084 13.9759298347332 14.1221036839078 13.9269061260035 -10000 -10000 -10000 -10000
5.88220756117103 7.59789795052178 8.05864371221562 8.15075647027555 7.94803199063728 7.44775128004791 5.58874566466784 4.59208494643944 -10000 7.85010354517558 -10000 10.8237703056798 12.8130163045156 13.5301630915312 14.1581281588091 14.5376416182479 14.2048815138743 13.6261426337309 13.0175382739434 11.7507920978373 -10000 -10000 -10000 -10000 5.74332364927673 5.04407007018249 4.72561633906396 4.31079912538551 4.07073469658297 4.19116874685764 4.03953632572711 2.17475172148416 0.955511445027436 -1.6094379124341 -9999 1.70474809223843 2.97552956623647 4.42124734782716 6.01980902011712 7.54750168281497 8.47803647621504 9.5591645793702 10.6330148771888 11.5107631288055 12.299904460364 13.3391378893787 13.9406663479501 14.5290837009185 14.7572214425853 14.8037062371139 -10000 -10000 -10000 13.8072908686867 -10000 -10000
7.29097477814298 8.0481491016652 8.69767973226446 9.11888276148735 8.68101127664563 7.97487690055888 7.25841215059531 5.65354125821945 5.50979311299456 7.29641326877392 9.0543880702023 10.3312032695791 11.3253782783245 13.0479673637706 13.5346332802908 13.7599513353244 13.5904288796948 13.1513278282968 11.6488103359906 -10000 -10000 -10000 -10000 5.10715686108688 4.05698877567833 3.96461545554732 3.85014760171006 3.83514196109219 4.39568296112137 4.63083793273667 4.39321382406445 3.81330703248899 -1.20397280432594 -9999 -9999 3.47196645255036 4.11414718951828 5.03043792139244 8.32869258354557 7.82763954636642 8.99118884193151 10.3678503018918 12.6464704401784 12.3074100794361 13.5081140943234 14.3083740237309 14.9367427435252 15.2089498332849 15.4534474879655 -10000 -10000 17.634078605599 15.07065468924 -10000 -10000 -10000
7.44132038971762 9.71438304344534 9.14195445910972 12.4039804367761 9.14398687142616 8.33471162182092 7.57507169950756 6.46427672867576 6.29360410464869 6.66172685513047 8.17919979842309 -10000 10.5498051457393 11.3078551051634 12.8344226048259 -10000 -10000 -10000 -10000 -10000 -10000 -10000 4.2570301444992 -0.510825623765991 -1.6094379124341 -1.6094379124341 3.4904285153901 4.32280727501391 5.17671454478879 5.62654139431275 5.16820868120102 4.32148013480585 3.4626060097908 -9999 3.33932197794407 4.19268046294296 4.66438204561994 5.28573858434118 6.34528542206381 8.01466637046494 9.48074911575751 10.8079688264508 11.9773699206044 13.2972221568169 14.3672819445909 15.0513438824775 15.5714512940706 15.7837767941497 15.9571084888821 17.497560544262 15.6998448025201 15.4376251803102 -10000 -10000 -10000 -10000
7.21081845347222 7.99395754757357 8.69767973226446 9.1539816383068 8.8071726229167 10.4457537021364 7.98412195870293 7.20414929203594 6.89588510641165 7.31121838441963 -10000 8.67128672675364 9.490997829491 10.2292237926068 -10000 -10000 -10000 -10000 -10000 -10000 -10000 0 0 -9999 -9999 -9999 3.64021428213266 4.5685062016165 5.61749810605919 9.5761633448119 5.6021188208797 4.55702981066016 3.60549784517489 3.03495298670727 3.9982007016692 4.89034912822175 5.47185041730891 5.60800551926243 6.53900775380914 8.09559870137819 9.82124659715222 11.1186821562841 12.2179913349237 13.840199268108 14.6595028180126 15.3802207333865 17.2594604854328 17.4168581723986 17.4955563095635 15.907854381082 -10000 -10000 -10000 -10000 -10000 -10000
5.57557024350928 7.47193207824512 8.01135510916129 8.23536064375335 8.27308133366583 8.24301946898925 8.28853445941392 8.76155013912964 8.56388591940822 -10000 -10000 7.85049318087114 8.43098149459717 8.83622857152601 -10000 -10000 -10000 -10000 -10000 5.21439213161028 1.93152141160321 1.75785791755237 1.16315080980568 0.336472236621213 -9999 -9999 3.47506723022861 4.36437169943516 5.19184512203752 5.60101119662026 5.15675380222625 4.31882055877009 3.47196645255036 3.19867311755068 4.34639945703073 5.33945930987921 9.29798488182823 5.89026204159882 6.66937117825164 8.3696208269491 9.93333757450501 11.2784555114508 12.9417739196603 13.9995614519257 14.8185512993412 15.4326977668902 15.7242597111915 15.9265615890508 15.8170374489669 -10000 -10000 -10000 -10000 -10000 -10000 -10000
6.50966292520339 5.83129579495516 7.32118855673948 7.77443551030296 7.8935720735049 8.43641688138895 8.89068592028113 9.15852062324639 11.0087112707919 9.06381057928029 8.72615667915661 8.26539293085222 -10000 -10000 -10000 -10000 -10000 -10000 2.56494935746154 3.16968558067743 3.44998754583159 3.44361809754611 2.89037175789616 1.97408102602201 0.8754687373539 -2.30258509299405 -9999 3.7864597824528 4.34639945703073 4.57574137529728 4.33467293829041 3.77276093809464 -9999 3.22684399451738 4.19870457754634 5.03954663759068 5.56452040732269 5.71571104552148 6.64000654423781 8.46695197497949 9.93764740418283 11.2313314890589 12.9834920383243 13.7843676116288 14.7501636647827 17.0174112775257 15.4210715649028 -10000 -10000 -10000 -10000 -10000 -10000 -10000 -10000 -10000
6.87368129864839 6.28095747896373 6.19888513795696 9.63717550582054 8.08764028777898 8.81254577017224 11.0856287726241 9.82962570393767 9.68868412549692 9.51081526622672 12.1314406899673 -10000 -10000 -10000 -10000 -10000 -10000 3.31054301339402 3.93182563272433 6.16919223489171 6.33007734822831 7.11232744471091 4.0876555740713 3.27336401015227 2.31253542384721 0.741937344729377 -1.6094379124341 -9999 3.49650756146648 3.61361696961339 3.4904285153901 -9999 -9999 1.22377543162212 3.92789635458444 4.82108769221056 7.64873978895624 5.77641316569111 6.6255249852086 8.3030093814735 9.71020615550583 10.9607916173826 12.7513431733292 13.5275884567079 14.1871354918235 14.7772349701702 14.7439559221064 14.8300573082147 -10000 -10000 -10000 -10000 -10000 -10000 -10000 -10000
7.18765716411496 6.35297776768696 5.77299754367767 6.6682282484174 8.02224091680654 9.22414465295258 9.68645031965368 12.8054035298858 -10000 -10000 -10000 -10000 -10000 -10000 -10000 -10000 5.66538808666889 5.67057034045009 6.50443786293143 6.98841318199959 7.20191631753163 6.9985096422506 6.7493455422345 5.46467890376326 5.1851486684424 2.37954613413017 0.693147180559945 -0.916290731874155 -9999 -9999 -9999 -9999 -0.22314355131421 2.90690105984738 4.36309862478836 5.67812272787562 6.24280675278087 6.61953973092421 6.99576615630485 8.13241267450091 9.34084218004034 10.5905663576945 12.0502430571243 13.0315783436655 13.5343895810409 13.7748958336287 13.7230026481313 13.4190131198384 -10000 -10000 -10000 -10000 -10000 -10000 -10000 -10000
7.23633934275434 6.34686367754266 5.28472541302857 5.73592692798277 7.73193072194849 8.4446224985814 9.12292891496521 9.5880230990719 -10000 -10000 -10000 -10000 -10000 -10000 -10000 6.4723462945009 6.5510803350434 7.05789793741186 7.31388683163346 7.80384330353877 8.24170315972982 7.92479591395644 7.35627987655075 6.91274282049318 5.97330057648031 5.3461546959622 2.01490302054226 0.336472236621213 -9999 -9999 -9999 -0.22314355131421 2.79728133483015 4.61015772749913 5.96563378707346 6.7977171737732 7.7553388128465 8.30844552038576 8.66905554072548 8.70913499158718 9.44667651707638 10.1640424888485 11.0629440467535 11.6663501670537 12.7941759269707 12.9861816185171 12.9077111723506 11.8163726130004 -10000 -10000 -10000 -10000 -10000 -10000 -10000 -10000
7.72223474470961 5.80724118302443 4.84418708645859 4.99043258677874 5.66052696598524 -10000 8.3133619511344 8.49535649680706 8.23483028044206 7.98820359702258 -10000 -10000 -10000 5.59396760864899 6.3919171133926 7.09090982207998 7.5422134631934 7.88945914940452 7.98309894071089 8.52813313145457 11.7416613499962 8.39253658681668 7.76429600645052 7.58832367733522 6.68286019462912 5.86505062225232 5.03889875936911 0.993251773010283 -1.20397280432594 -9999 -1.20397280432594 2.52572864430826 4.50755735712109 6.02779647635537 7.1074254741107 8.47156801338996 9.33308883723524 9.82482306135245 9.97724903609818 9.90473677193656 9.8351551771593 9.9817440505019 10.6197651504849 13.1988984018823 11.2934377230342 11.319923070568 11.2763293320761 10.8362616836686 -10000 -10000 -10000 -10000 -10000 -10000 -10000 -10000
8.04750951098142 6.09085729098602 -10000 -10000 -10000 5.30628553619721 7.40367029001237 -10000 -10000 4.54223038621422 3.2846635654062 2.87919845729804 3.31054301339402 5.80483371872593 8.16593213732158 7.55747290161475 11.0775937572558 8.33351070898294 8.30251371851416 8.44182288439146 8.56883642456808 8.05229649953865 7.84463264446468 10.8043194093477 7.08590146436561 6.07855925395892 5.17558460116574 1.33500106673234 -2.30258509299405 -9999 1.58923520511658 3.90399083373088 5.65038169792909 7.00940893270864 8.70946507906336 9.80173164358174 10.8632591410218 11.039411682338 11.1869598400928 11.0694936571052 11.4634515671082 10.2113030799075 10.1367794349022 10.4919684208677 10.3444163249199 10.1802476972874 9.96599275788753 9.3615151997733 -10000 -10000 -10000 -10000 -10000 -10000 -10000 -10000
8.29679586577005 6.20334490614348 4.59915211366253 5.54790808787709 -10000 6.05373487283411 -10000 -10000 4.19418989719182 -10000 -10000 2.21920348405499 3.05400118167797 5.63228647295113 6.43470701955018 7.59085212368858 8.19035440376326 8.44848599340645 8.77616709973127 8.5358186555394 8.13094230223188 7.80751004221619 7.38336814699238 7.13727843726039 6.65157187358973 5.8452820369299 5.02453819926525 1.28093384546206 -0.105360515657826 -0.22314355131421 2.73436750941958 4.95017732505914 6.50264010963826 8.3845756668014 9.6619254156979 10.7197590343182 11.5085760198324 12.9442648908832 13.0847155066856 12.9604960003061 11.4681581980877 10.7139732255133 10.0954706196007 9.50435236812283 9.26350192009041 9.101529466118 8.39615486303918 -10000 -10000 -10000 -10000 -10000 -10000 -10000 -10000 -10000
8.03268487596762 6.08061945841887 -10000 -10000 -10000 -10000 6.37178277279419 -10000 -10000 -10000 -10000 -10000 -10000 3.73050112880476 -10000 7.23489842031483 7.87891291229713 8.63194942871443 11.9100693811242 8.82010864450861 8.26642147298455 7.89282552625112 6.35437004079735 6.22436038986487 5.92425579741453 5.32300997913841 2.17475172148416 1.1314021114911 -0.105360515657826 1.09861228866811 3.61361696961339 5.59508305773286 7.55799495853081 9.01371703047137 10.4254904768922 11.4774744376148 13.2144884902639 13.7318756560797 13.8693849185329 13.6903701480852 13.1917924204213 11.2740716512004 10.2021095650262 9.17636985240503 8.31188955823036 7.14282740116162 6.72791065206308 -10000 -10000 -10000 -10000 -10000 -10000 -10000 -10000 -10000
7.46965417293213 6.31499627245346 6.61713556254301 -10000 -10000 -10000 -10000 -10000 -10000 0.470003629245736 -10000 -9999 0.641853886172395 -10000 -10000 6.86390787920186 7.71690613529839 8.31630024903685 8.82261694534418 8.60995467149755 8.33782726244791 7.90507284949867 7.21450441415114 5.67332326717149 5.22035582507832 2.60268968544438 5.64756479465797 1.09861228866811 0 1.6094379124341 4.0943445622221 5.9904640467744 7.66762609158499 9.53647363080222 10.892638335377 12.9625584088395 13.6961976025773 14.3724106617653 14.7423775633625 14.3968017282988 13.7010879945907 -10000 10.3900409753264 -10000 -10000 6.14031549384034 8.18813341451048 -10000 -10000 -10000 -10000 -10000 -10000 -10000 -10000 -10000
6.47157319821191 6.12599544006559 6.78570063297483 7.75662333453886 11.2977376824347 10.4754270901604 7.36454701425564 6.39342351588686 -10000 -10000 -2.30258509299405 -9999 -10000 2.52572864430826 3.9982007016692 6.18167159817593 7.40245152081824 8.17301131172497 8.49780647761605 8.7653024887482 8.89754559870933 8.30028018985266 7.49052940206071 6.6997466152522 3.85014760171006 2.45100509811232 1.30833281965018 0.587786664902119 -0.105360515657826 1.66770682055808 4.26689632742025 5.92265023110762 8.01168672912785 9.68309022688994 11.0437694763756 -10000 13.8943771897162 14.7338615660112 17.3461363264229 14.802255280038 -10000 -10000 10.1924562968705 8.11162807830774 -10000 -10000 4.29319542096727 -10000 -10000 -10000 -10000 -10000 -10000 -10000 -10000 -10000
5.62762111369064 5.81263687956828 6.56625039983285 7.3664451483276 7.86633892304654 -10000 7.05617528410041 -10000 -10000 -10000 -10000 -10000 -10000 2.47653840011748 5.65948221575962 6.48616078894409 7.33302301438648 8.34402957240705 8.51859221232995 8.96750418731624 12.1629145912124 8.71028982137815 7.67508185771633 6.79626490294877 4.05352256770185 2.83321334405622 1.3609765531356 0.262364264467491 -0.356674943938732 1.25276296849537 4.09600984154116 5.80030404164682 7.7367436824535 9.60109785121207 -10000 13.0343777077639 13.7279157380777 14.3631277931572 14.7700157276357 -10000 -10000 -10000 -10000 6.14289725086819 5.49880622729744 -10000 -10000 -10000 -10000 -10000 -10000 -10000 -10000 -10000 -10000 -10000
