data_gis/fral_40_popSize_lowLoss.asc
NCOLS 157 
NROWS 98 
XLLCORNER 84247.92649 
YLLCORNER -828428.80646 
CELLSIZE 20000 
NODATA_value -10000 
[rows 54 to 80 of 98, columns 0 to 60 of 157]
-10000 -10000 -10000 -10000 -10000 -10000 -10000 -10000 -10000 -9999 -10000 -9999 -9999 -9999 -9999 -9999 1.09861228866811 1.75785791755237 2.4932054526027 2.98061863574394 3.51452606696916 6.6403985729916 3.56953269648137 2.66722820658195 1.70474809223843 -10000 -10000 -10000 -10000 -10000 -10000 -9999 -10000 -10000 -10000 -10000 -9999 -9999 -9999 -9999 -9999 -10000 -9999 -10000 -10000 -10000 -10000 -10000 -10000 -10000 -9999 -9999 -9999 -9999 -9999 -9999 -9999 -9999 -9999 -0.356674943938732 0.641853886172395
-10000 -10000 -10000 -10000 -10000 -10000 -10000 -10000 -10000 -10000 -9999 -10000 -9999 -9999 -9999 -9999 -9999 1.22377543162212 2.12823170584927 2.90142159408275 3.57794789340665 7.08673793451058 6.94408720822953 3.02042488614436 1.84054963339749 -0.356674943938732 -10000 -9999 -10000 -9999 -10000 -9999 -10000 -10000 -9999 -10000 -9999 -9999 -9999 -9999 -9999 -10000 -9999 -9999 -9999 -10000 -10000 -10000 -10000 -10000 -9999 -9999 -9999 -9999 -9999 -9999 -9999 -9999 -9999 -0.105360515657826 0.741937344729377
-10000 -10000 -10000 -10000 -10000 -10000 -10000 -10000 -10000 -10000 -9999 -9999 -9999 -9999 -9999 -9999 -9999 -0.105360515657826 1.38629436111989 2.72129542785223 6.34388043412633 3.58629286533884 3.3178157727231 2.66722820658195 1.45861502269952 -0.22314355131421 -10000 -10000 -10000 -9999 -10000 -9999 -9999 -10000 -9999 -10000 -9999 -10000 -9999 -9999 -10000 -9999 -9999 -10000 -9999 -10000 -10000 -10000 -10000 -10000 -9999 -9999 -9999 -9999 -9999 -9999 -9999 -9999 -9999 -0.356674943938732 -10000
-10000 -10000 -10000 -10000 -10000 -10000 -10000 -10000 -10000 -10000 -9999 -9999 -9999 -9999 -9999 -9999 -9999 -0.510825623765991 0.405465108108164 1.85629799036563 2.70136121295141 2.69462718077007 2.40694510831829 1.7404661748405 0 -9999 -10000 -9999 -9999 -9999 -9999 -9999 -9999 -9999 -9999 -9999 -9999 -10000 1.19392246847243 0.916290731874155 -10000 -9999 -10000 -9999 -9999 -10000 -10000 -10000 -10000 -9999 -9999 -9999 -9999 -9999 -9999 -9999 -9999 -9999 -9999 -9999 -10000
-10000 -10000 -10000 -10000 -10000 -10000 -10000 -10000 -10000 -10000 -10000 -9999 -0.356674943938732 -0.22314355131421 -0.356674943938732 -10000 -9999 -9999 0.182321556793955 0.470003629245736 1.41098697371026 1.64865862558738 1.41098697371026 -0.356674943938732 -9999 -9999 -9999 -9999 -9999 -9999 -9999 -9999 -9999 -9999 -9999 -9999 1.33500106673234 -10000 2.06686275947298 1.90210752639692 1.25276296849537 -9999 -10000 -9999 -9999 -10000 -10000 -10000 -10000 -10000 -9999 -9999 -9999 -9999 -9999 -9999 -9999 -9999 0.693147180559945 0.832909122935104 0.587786664902119
-10000 -10000 -10000 -10000 -10000 -10000 -10000 -10000 -10000 -10000 -9999 0 0.470003629245736 0.741937344729377 0.470003629245736 0 -9999 -9999 -9999 -10000 -0.105360515657826 -0.510825623765991 -9999 -9999 -9999 -9999 -9999 -9999 -9999 -9999 -9999 -9999 -9999 -10000 -9999 0.8754687373539 1.88706964903238 2.72129542785223 3.17805383034795 -10000 1.91692261218206 -10000 -10000 -9999 -9999 -10000 -10000 -10000 -10000 -10000 -9999 -9999 -9999 -9999 -9999 -9999 -9999 1.06471073699243 1.64865862558738 1.90210752639692 1.93152141160321
-10000 -10000 -10000 -10000 -10000 -10000 -10000 -10000 -9999 -10000 -0.356674943938732 0.470003629245736 1.43508452528932 1.90210752639692 1.43508452528932 0.470003629245736 -0.356674943938732 -9999 -9999 -9999 -9999 -9999 -9999 -9999 -9999 -9999 -9999 -9999 -9999 -9999 -9999 -9999 -9999 -9999 -9999 1.25276296849537 2.05412373369555 3.27714473299218 7.62119516280984 3.29212628660779 -10000 -10000 0 0.0953101798043249 0 -10000 -10000 -10000 -10000 -10000 -9999 -9999 -9999 -9999 -9999 -9999 0.693147180559945 1.6094379124341 2.50959926237837 3.13983261752775 2.76631910922619
-10000 -10000 -10000 -10000 -10000 -10000 -10000 -10000 -10000 -9999 -0.22314355131421 0.741937344729377 1.90210752639692 6.28637046464908 1.90210752639692 0.741937344729377 -0.22314355131421 -9999 -9999 -9999 -9999 -9999 -9999 -9999 -9999 -9999 -9999 -9999 -9999 -9999 -9999 -9999 -9999 -9999 -9999 0.8754687373539 2.16332302566054 2.96527306606928 3.47506723022861 -10000 -10000 1.45861502269952 0.916290731874155 1.58923520511658 1.48160454092422 -10000 -10000 -10000 -10000 -10000 -9999 -9999 -9999 -9999 -9999 -9999 0.916290731874155 1.87180217690159 3.14415227867226 7.48661331313996 3.39450839351136
-10000 -10000 -10000 -10000 -10000 -10000 -10000 -10000 -10000 -10000 -0.356674943938732 0.53062825106217 1.38629436111989 1.90210752639692 1.41098697371026 0.470003629245736 -0.356674943938732 -9999 -9999 -0.693147180559945 -0.105360515657826 -0.693147180559945 -9999 -9999 -9999 -9999 -9999 -9999 -9999 -9999 -9999 -9999 -9999 -9999 -9999 -0.22314355131421 1.98787434815435 2.77258872223978 3.16124671203156 2.91777073208428 -10000 1.66770682055808 2.05412373369555 2.58776403522771 2.31253542384721 -10000 -10000 -10000 -10000 -10000 -10000 -9999 -9999 -9999 -9999 -9999 0.693147180559945 1.6094379124341 2.69462718077007 3.29212628660779 3.22684399451738
-10000 -10000 -10000 -10000 -10000 -10000 -10000 -10000 -10000 -9999 -9999 0 0.470003629245736 0.741937344729377 0.470003629245736 0 -9999 -9999 -0.105360515657826 0.693147180559945 0.832909122935104 0.741937344729377 -0.105360515657826 -9999 -9999 -9999 -9999 -9999 -10000 -10000 -10000 -9999 -9999 -9999 -9999 -0.22314355131421 1.3609765531356 2.86789890204411 6.98100574072173 3.20680324363393 2.42480272571829 2.26176309847379 2.70136121295141 6.94985645500077 3.1904763503465 -10000 -10000 -10000 -10000 -10000 -10000 -10000 -9999 -1.20397280432594 -0.916290731874155 -1.20397280432594 -9999 1.48160454092422 2.19722457733622 2.50143595173921 2.76000994003292
-10000 -10000 -10000 -10000 -10000 -10000 -10000 -10000 -9999 -9999 -9999 -9999 -0.356674943938732 -0.22314355131421 -0.356674943938732 -9999 -10000 -10000 -10000 1.58923520511658 2.07944154167984 1.56861591791385 0.741937344729377 -0.693147180559945 -10000 -9999 -9999 -9999 -10000 -10000 -10000 -10000 -9999 -9999 -9999 -0.22314355131421 1.33500106673234 2.26176309847379 2.96527306606928 6.47973776640346 2.73436750941958 2.47653840011748 2.50143595173921 3.5055573969864 6.99668148817654 -10000 -10000 -10000 -10000 -10000 -10000 -10000 -0.356674943938732 -0.105360515657826 0.262364264467491 -0.105360515657826 0.182321556793955 0.262364264467491 1.79175946922805 2.52572864430826 2.47653840011748
-10000 -10000 -10000 -10000 -10000 -10000 -10000 -9999 -9999 -9999 -9999 -9999 -9999 -9999 -9999 -9999 -10000 -10000 -10000 -10000 6.80881853112211 2.06686275947298 0.832909122935104 -0.105360515657826 -9999 -9999 1.48160454092422 1.66770682055808 -10000 -10000 -9999 -9999 -9999 -9999 -9999 -9999 0.8754687373539 1.68639895357023 2.36085400111802 2.70136121295141 2.32238772029023 2.11625551480255 2.79728133483015 3.22286784613774 3.65842024662923 -10000 -10000 -10000 -10000 -10000 -10000 -10000 0.587786664902119 1.30833281965018 1.7227665977411 1.19392246847243 0.993251773010283 0.8754687373539 1.62924053973028 6.10389997643777 2.73436750941958
-10000 -10000 -10000 -10000 -10000 -10000 -10000 -10000 -10000 -10000 -10000 -9999 -9999 -9999 -9999 -9999 -10000 -0.693147180559945 -10000 1.56861591791385 -10000 1.62924053973028 0.693147180559945 -0.693147180559945 -9999 1.80828877117927 2.41591377830105 2.67414864942653 2.43361335540045 -10000 -9999 -9999 -9999 -9999 -9999 -9999 -9999 1.16315080980568 -10000 -10000 2.35137525716348 2.33214389523559 2.89037175789616 3.52046080248897 4.08597631255158 6.87150614630702 -10000 -10000 -10000 -10000 -10000 -10000 2.12823170584927 2.07944154167984 6.53582165408277 1.75785791755237 0.832909122935104 0.916290731874155 1.22377543162212 1.79175946922805 2.35137525716348
-10000 -10000 -10000 -10000 -10000 -10000 -10000 -10000 -10000 -9999 -10000 -9999 -10000 -9999 -10000 -10000 -9999 -9999 -10000 -10000 0.832909122935104 0.741937344729377 -0.105360515657826 -9999 1.45861502269952 -10000 3.34286180464919 -10000 3.32862668882732 2.42480272571829 -10000 -10000 -9999 -9999 -9999 -9999 -9999 -10000 -10000 2.17475172148416 6.73886314249984 2.59525470695687 2.75366071235426 3.75419892023458 7.79276172081653 4.31079912538551 -10000 -10000 -10000 -10000 -10000 6.17128297368382 3.18221184049661 2.68102152871429 2.06686275947298 1.28093384546206 0.0953101798043249 0.405465108108164 0.262364264467491 0.262364264467491 1.85629799036563
-10000 -10000 -10000 -10000 -10000 -10000 -10000 -10000 -9999 -10000 -9999 -9999 -9999 -9999 -10000 -9999 -9999 -9999 -10000 -0.693147180559945 -10000 -0.693147180559945 -9999 -9999 1.90210752639692 -10000 3.94931879017184 7.986504938554 3.91002100275747 2.8094026953625 1.88706964903238 -9999 -9999 -9999 -9999 -9999 -9999 -0.510825623765991 0.470003629245736 1.52605630349505 2.16332302566054 2.28238238567653 2.61739583283408 3.32143241319329 4.32413265625498 4.34898678059568 -10000 -10000 -10000 -10000 -10000 6.99301512293296 6.45598441799746 3.32143241319329 2.47653840011748 0.693147180559945 -0.22314355131421 -9999 -0.916290731874155 -0.510825623765991 -0.916290731874155
-10000 -10000 -10000 -10000 -10000 -10000 -10000 -10000 -9999 -9999 -9999 -9999 -9999 -10000 -9999 -9999 -9999 -10000 -9999 -9999 -10000 -9999 -9999 -10000 1.80828877117927 2.61006979274201 3.63230910262554 6.9177056098353 3.63495111208838 -10000 1.82454929205105 -10000 -9999 -10000 -9999 -9999 -9999 -9999 0.470003629245736 1.3609765531356 1.62924053973028 1.68639895357023 2.41591377830105 3.71113006304876 4.35414143118435 4.74753742727501 4.97948856509942 -10000 -10000 -10000 -10000 7.74630066223144 6.98933526597456 6.20657592672493 2.91777073208428 1.22377543162212 -1.6094379124341 -9999 -10000 -10000 -10000
-10000 -10000 -10000 -10000 -10000 -10000 -10000 -9999 -10000 -10000 -9999 -9999 -10000 -10000 -0.356674943938732 -0.916290731874155 -10000 -9999 -10000 -10000 -10000 -10000 -9999 -10000 -10000 2.19722457733622 2.83321334405622 3.16547504814109 2.83321334405622 2.18605127673809 -0.356674943938732 -9999 -9999 -10000 -9999 -9999 -9999 -1.20397280432594 0.182321556793955 1.56861591791385 2.04122032885964 1.85629799036563 2.26176309847379 3.87328217711172 6.61940631754265 5.19295685089021 8.8814195515078 -10000 -10000 -10000 11.9021798870304 8.21365270303 7.38956395367764 6.34808948979667 3.15273602236366 1.09861228866811 -0.916290731874155 -9999 -9999 -0.510825623765991 -10000
-10000 -10000 -10000 -10000 -10000 -10000 -10000 -10000 -9999 -9999 -10000 -10000 -10000 0.405465108108164 0.53062825106217 0.405465108108164 -0.105360515657826 -9999 -10000 -10000 -10000 -9999 -10000 -9999 -10000 -10000 1.98787434815435 2.21920348405499 2.00148000021012 -0.22314355131421 -9999 -9999 -9999 -9999 -10000 -9999 -9999 -0.916290731874155 0.405465108108164 1.87180217690159 6.55535689181067 2.01490302054226 2.31253542384721 3.62966009445396 4.4624538837865 7.8087293067444 6.22495439047634 6.41263894892133 7.04228617193974 7.77988511507052 8.21012440516427 7.75876054415766 6.99117688712121 6.2071805825934 2.86789890204411 1.19392246847243 -1.6094379124341 -9999 -10000 -10000 -10000
-10000 -10000 -10000 -10000 -10000 -10000 -9999 -10000 -10000 -9999 -9999 -10000 -10000 1.41098697371026 1.90210752639692 1.38629436111989 0.405465108108164 -0.916290731874155 -10000 -10000 -9999 -10000 -10000 -9999 -10000 -10000 -10000 -10000 -10000 -9999 -9999 -10000 -9999 -10000 -0.693147180559945 -0.693147180559945 -0.693147180559945 -1.20397280432594 0.182321556793955 1.25276296849537 1.82454929205105 1.25276296849537 2.00148000021012 2.58021682959233 3.90197266957464 4.37826958579617 4.43911560165801 4.34769395559338 6.53958595561767 6.99668148817654 7.19668657083435 6.99942246750796 6.49526555593701 3.4307561839037 2.18605127673809 -0.510825623765991 -2.30258509299405 -0.510825623765991 1.02961941718116 -10000 -10000
-10000 -10000 -10000 -10000 -10000 -10000 -10000 -10000 -10000 -9999 -9999 -10000 -10000 -10000 6.7293460590081 1.88706964903238 0.587786664902119 -10000 -10000 -10000 -10000 -9999 -9999 -10000 -9999 -10000 -9999 -10000 -10000 -9999 -9999 -9999 -10000 -0.22314355131421 0.53062825106217 0.741937344729377 0.587786664902119 -0.22314355131421 -0.693147180559945 0.182321556793955 0.405465108108164 0.182321556793955 -0.693147180559945 1.80828877117927 2.37954613413017 3.39785848039664 3.43720781918519 3.56953269648137 3.24649099190117 6.16646772309426 6.32094813419352 6.20233306754658 3.40119738166216 2.40694510831829 0.78845736036427 -1.6094379124341 -9999 -0.356674943938732 1.25276296849537 2.42480272571829 6.69851463283692
-10000 -10000 -10000 -10000 -10000 -10000 -9999 -10000 -10000 -10000 -10000 -10000 -10000 2.2082744135228 2.33214389523559 1.3609765531356 0.470003629245736 -0.916290731874155 -10000 -10000 -9999 -9999 -9999 -10000 -10000 -10000 -10000 -10000 -10000 -10000 -9999 -9999 -10000 0.587786664902119 1.48160454092422 1.98787434815435 1.48160454092422 0.641853886172395 -0.693147180559945 -1.20397280432594 -0.916290731874155 -1.20397280432594 -9999 -9999 1.22377543162212 1.43508452528932 1.48160454092422 1.19392246847243 2.15176220325946 2.85647020622048 3.05870707271538 2.77881927199042 2.10413415427021 0.832909122935104 -1.6094379124341 -9999 -9999 -0.510825623765991 1.06471073699243 1.94591014905531 2.57261223020711
-10000 -10000 -10000 -10000 -10000 -10000 -10000 -10000 -10000 -10000 1.45861502269952 -10000 -10000 -10000 2.04122032885964 1.33500106673234 0 -10000 -9999 -10000 -10000 -10000 -9999 -10000 -10000 -9999 -9999 -10000 -10000 -10000 -9999 -10000 -0.693147180559945 0.693147180559945 2.00148000021012 6.61284716143862 1.98787434815435 0.741937344729377 -0.693147180559945 -9999 -9999 -9999 -9999 -9999 -9999 -9999 -9999 -1.6094379124341 -0.22314355131421 0.955511445027436 1.09861228866811 0.955511445027436 -0.22314355131421 -1.6094379124341 -9999 -9999 -9999 -9999 0 1.50407739677627 1.75785791755237
-10000 -10000 -10000 -10000 -10000 -10000 -10000 -9999 -10000 -10000 1.75785791755237 2.78501124223834 7.19967834569117 2.83321334405622 1.96009478404727 -10000 -10000 -10000 -10000 -10000 -9999 -10000 -10000 -10000 -10000 -10000 -10000 -10000 -10000 -10000 -10000 -9999 -0.693147180559945 -10000 1.48160454092422 1.98787434815435 1.45861502269952 0.587786664902119 -0.693147180559945 -9999 -9999 -9999 -9999 -9999 -10000 -9999 -9999 -9999 -9999 -1.6094379124341 -2.30258509299405 -2.30258509299405 -9999 -9999 -9999 -9999 -9999 -9999 -0.22314355131421 1.09861228866811 1.48160454092422
-10000 -10000 -10000 -10000 -10000 -10000 -9999 -10000 -10000 0.832909122935104 1.64865862558738 2.54160199346455 6.14654336750806 2.54160199346455 -10000 -10000 -10000 -10000 -10000 -9999 -10000 -10000 -10000 -10000 -10000 -10000 -10000 -9999 -9999 -9999 -10000 -10000 -9999 -0.22314355131421 0.53062825106217 0.78845736036427 0.587786664902119 -0.22314355131421 -9999 -9999 -9999 -9999 -9999 -9999 -9999 -9999 -9999 -9999 -9999 -10000 -9999 -9999 -9999 -9999 -9999 -9999 -9999 -0.356674943938732 0.53062825106217 1.58923520511658 2.14006616349627
-10000 -10000 -10000 -10000 -10000 -10000 -10000 -10000 -10000 -10000 -10000 -10000 2.19722457733622 -10000 1.22377543162212 -10000 -9999 -10000 -9999 -10000 -10000 -10000 -10000 -10000 -10000 -10000 -10000 -10000 -10000 -10000 -10000 -10000 -9999 -9999 -0.693147180559945 -0.693147180559945 -0.693147180559945 -9999 -9999 -9999 -9999 -9999 -9999 -9999 -9999 -9999 -9999 -9999 -9999 -9999 -9999 -9999 -9999 -9999 -9999 -9999 -9999 -0.356674943938732 0.741937344729377 2.12823170584927 6.88284764327595
-10000 -10000 -10000 -10000 -10000 -10000 -10000 -10000 -10000 -9999 0 -10000 -10000 -10000 -10000 -10000 -9999 -10000 -10000 -10000 -10000 -10000 -10000 -10000 -10000 -10000 -10000 -10000 -10000 -10000 -10000 -10000 -9999 -9999 -9999 -9999 -9999 -9999 -9999 -9999 -10000 -9999 -9999 -9999 -9999 -9999 -9999 -9999 -9999 -9999 -9999 -9999 -9999 -9999 -0.916290731874155 -0.510825623765991 -0.916290731874155 -0.356674943938732 0.53062825106217 2.23001440015921 -10000
-10000 -10000 -10000 -10000 -10000 -10000 -10000 -10000 -10000 -10000 -10000 -10000 -10000 -10000 -10000 -10000 -10000 -10000 -10000 -10000 -10000 -10000 -10000 -10000 -10000 -10000 -10000 -10000 -10000 -10000 -10000 -10000 -9999 -9999 -9999 -10000 -9999 -10000 -10000 -9999 -9999 -9999 -9999 -9999 -9999 -9999 -9999 -10000 -9999 -10000 -9999 -9999 -0.916290731874155 0.641853886172395 0.741937344729377 0.53062825106217 0.262364264467491 -0.22314355131421 0.693147180559945 2.01490302054226 3.19458313229916
