data_gis/fral_100_popSize_lowLoss.asc
NCOLS 157 
NROWS 98 
XLLCORNER 84247.92649 
YLLCORNER -828428.80646 
CELLSIZE 20000 
NODATA_value -10000 
[rows 50 to 74 of 98, columns 0 to 55 of 157]
-10000 -10000 -10000 -10000 -10000 -10000 -10000 -10000 -10000 -1.20397280432594 -1.20397280432594 -9999 -0.693147180559945 1.87180217690159 3.46885603013597 4.86676492367655 7.58171964012531 8.11432470915534 8.41737285613403 8.15851624480683 7.6246189861594 5.42802897306969 4.68120487226409 3.61091791264422 2.32238772029023 0.693147180559945 -10000 -9999 -9999 -9999 -9999 -9999 -9999 -9999 -9999 -9999 -9999 -9999 -9999 -9999 -9999 -9999 -9999 -9999 -9999 -10000 -10000 -10000 -10000 -10000 -10000 -10000 -10000 -9999 0.641853886172395 4.70048036579242
-10000 -10000 -10000 -10000 -10000 -10000 -10000 -9999 -9999 -9999 -9999 -9999 0.470003629245736 2.18605127673809 4.04655389838575 7.09920174355309 7.95226330865705 8.82776136765472 9.27883978840087 9.19390606551276 8.15075647027555 7.49164547360513 6.16919223489171 4.93447393313069 -10000 2.65324196460721 0.641853886172395 -10000 -9999 -9999 -9999 -9999 -9999 -9999 -10000 -9999 -9999 -9999 -9999 -9999 -9999 -9999 -9999 -9999 -9999 -10000 -10000 -10000 -10000 -10000 -10000 -9999 -10000 -9999 -1.6094379124341 0.641853886172395
-10000 -10000 -10000 -10000 -10000 -10000 -10000 -9999 -9999 -9999 -9999 -9999 0.8754687373539 2.41591377830105 4.24132675257075 7.23201033166476 -10000 9.23542315234365 12.6017567417832 9.30710404040849 8.66561319653451 8.45382731579442 7.81561053203519 7.11476944836646 5.07392303333217 3.88362353090645 -10000 -10000 -10000 -9999 -9999 -9999 -9999 -9999 -9999 -9999 -10000 -10000 -9999 -9999 -9999 -9999 -9999 -9999 -10000 -9999 -10000 -10000 -10000 -10000 -10000 -9999 -10000 -9999 -9999 -9999
-10000 -10000 -10000 -10000 -10000 -10000 -10000 -9999 -9999 -9999 -9999 -9999 0.587786664902119 2.15176220325946 4.02177386938726 7.09007683577609 7.94555542825349 8.79315687091382 9.25426155903411 9.14931567013841 9.06242024189956 9.07383312732152 8.69466969654699 8.18507147753228 7.23705902612474 4.83469334426634 -10000 -10000 -9999 -10000 -9999 -9999 -10000 -9999 -9999 -10000 -10000 -10000 -10000 -9999 -9999 -9999 -9999 -9999 -10000 -9999 -10000 -10000 -10000 -10000 -9999 -9999 -9999 -9999 -9999 -9999
-10000 -10000 -10000 -10000 -10000 -10000 -10000 -10000 -10000 -9999 -10000 -9999 -0.510825623765991 1.79175946922805 3.3322045101752 4.78915702210111 7.43307534889858 8.00436556497957 8.6383483129727 8.9884460400624 9.37754829096009 11.2453466282222 9.49987073528558 8.81640849968169 8.00770001288403 -10000 -10000 -10000 -10000 -10000 -10000 -9999 -10000 -10000 -10000 -10000 -9999 0.262364264467491 1.06471073699243 1.1314021114911 0 -10000 -9999 -10000 -10000 -10000 -10000 -10000 -10000 -10000 -9999 -9999 -9999 -9999 -9999 -0.916290731874155
-10000 -10000 -10000 -10000 -10000 -10000 -10000 -10000 -10000 -10000 -9999 -10000 -9999 0.470003629245736 2.61006979274201 3.91402100809082 5.08759633523238 7.36391350140582 8.16394095475501 8.85794198480471 9.43252346219527 12.0999507289691 12.0923214709872 9.16356318041725 8.20083725837985 6.90515189311202 -10000 3.49650756146648 -10000 2.15176220325946 -10000 -9999 -10000 -10000 -9999 -10000 1.43508452528932 2.61006979274201 2.94443897916644 3.04452243772342 2.46809953147162 -10000 -9999 -9999 -9999 -10000 -10000 -10000 -10000 -10000 -9999 -9999 -9999 -9999 -1.20397280432594 1.19392246847243
-10000 -10000 -10000 -10000 -10000 -10000 -10000 -10000 -10000 -10000 -9999 -9999 -9999 -9999 1.1314021114911 2.86220088092947 4.24992279404054 5.84267447352282 7.25841215059531 8.43641688138895 10.8025100428438 9.50703173858555 9.88062825839005 8.81373589230022 7.90654723236804 6.77090409623294 -10000 -10000 -10000 2.72785282839839 -10000 -9999 -9999 -10000 1.38629436111989 -10000 3.66356164612965 -10000 4.54435804659133 4.3502779363593 -10000 2.96527306606928 1.30833281965018 -10000 -9999 -10000 -10000 -10000 -10000 -10000 -9999 -9999 -9999 -9999 1.02961941718116 1.82454929205105
-10000 -10000 -10000 -10000 -10000 -10000 -10000 -10000 -10000 -10000 -2.30258509299405 -0.510825623765991 0.53062825106217 0.693147180559945 0.405465108108164 1.28093384546206 3.11351530921037 5.33705719486397 6.23342985266278 7.58882987830781 8.47949132423223 8.65242314067634 8.5709235138372 8.06495089174914 7.05789793741186 5.13579843705026 -10000 8.32748441618826 4.01096295328305 2.9338568698359 1.96009478404727 -9999 -9999 1.3609765531356 2.7408400239252 4.0876555740713 5.01926462079431 -10000 7.55747290161475 7.43897159239586 -10000 3.75653810258775 -10000 1.09861228866811 -0.356674943938732 -10000 -10000 -10000 -10000 -9999 -9999 -9999 -9999 0.405465108108164 1.6094379124341 4.07414185490458
-10000 -10000 -10000 -10000 -10000 -10000 -10000 -10000 -10000 -10000 -10000 1.09861228866811 4.34120464015363 4.47049528266149 4.3333614626926 -10000 1.7227665977411 3.31418600467253 5.53220301439415 6.21840089666089 7.24494154633701 8.03268487596762 7.64873978895624 6.82556860799419 5.18794430906667 4.19870457754634 3.82209829790016 4.04655389838575 3.49953328238302 2.7408400239252 1.80828877117927 -9999 -0.22314355131421 2.52572864430826 3.92592591059714 5.18738580584075 7.70930833338587 -10000 8.45871626165726 8.23668532271246 7.69302574841789 4.84733174313806 -10000 2.83907846350861 2.01490302054226 -10000 -10000 -10000 -10000 -10000 -9999 -9999 -9999 0.53062825106217 2.19722457733622 4.50202942706858
-10000 -10000 -10000 -10000 -10000 -10000 -10000 -10000 -10000 -10000 1.09861228866811 4.61808641125464 5.26682669945667 5.44328313679822 5.2262841636482 4.60517018598809 1.22377543162212 1.58923520511658 3.25037449192757 -10000 5.59136004524191 5.74748032992192 5.15962984677414 4.74232002413533 3.72086249996699 3.07731226054641 2.87919845729804 2.94443897916644 2.71469474382088 2.12823170584927 -9999 -9999 1.1314021114911 -10000 4.65965837127216 7.43897159239586 8.24380842366528 9.05800471067248 9.48736586423943 -10000 8.24143968982973 -10000 -10000 4.30000279919529 3.79548918917219 -10000 -10000 -10000 -10000 -10000 2.3887627892351 2.57261223020711 2.37954613413017 0.832909122935104 2.7408400239252 5.08016135674487
-10000 -10000 -10000 -10000 -10000 -10000 -10000 -10000 -9999 -10000 4.32941668440158 5.16649879192719 6.03906352590726 6.42129701166444 5.99769509685862 5.22789490225149 4.33204826486764 0.832909122935104 1.75785791755237 2.99573227355399 3.53805656437935 3.78872478908365 3.56388296393925 3.03974915897077 1.94591014905531 0.405465108108164 1.80828877117927 2.00148000021012 1.80828877117927 -9999 -9999 -9999 1.43508452528932 3.42751468997953 4.955122584166 7.5740450053722 8.47198659857816 9.56843430866833 12.8066411622969 9.60501412900613 -10000 -10000 6.59850902861452 6.79346613258001 6.65195939539268 -10000 -10000 -10000 -10000 -10000 3.29583686600433 3.55248682920838 3.3357695763397 2.91777073208428 4.0842942263686 5.16135151147488
-10000 -10000 -10000 -10000 -10000 -10000 -10000 -10000 -10000 0.641853886172395 4.48863636973214 5.3986150878634 6.45047042214418 10.2479279588065 6.44587853694801 5.40627450805313 4.48525988931553 1.54756250871601 2.01490302054226 2.85070650150373 3.25424296870549 3.18221184049661 2.69462718077007 1.77495235091167 0.0953101798043249 -9999 -9999 -9999 -9999 -9999 -9999 -9999 1.19392246847243 3.41114771251532 4.94591897937656 7.48042830607421 8.51559191004926 9.25426155903411 9.68570460746401 -10000 -10000 7.97659540931658 7.4593388952203 8.05388708361822 7.99463231143183 -10000 -10000 -10000 -10000 -10000 4.22537282462851 4.69683737451392 4.29182836675573 3.72086249996699 4.46705688385846 5.34137685600848
-10000 -10000 -10000 -10000 -10000 -10000 -10000 -10000 -10000 -10000 4.35156742718917 5.25227342804663 6.0369158100119 6.43966980889231 6.0282785202307 5.19240114095649 4.36054760299676 2.26176309847379 3.13113691056019 6.09852361940139 6.26415987725144 6.10946978029889 3.46885603013597 2.43361335540045 1.22377543162212 1.06471073699243 1.85629799036563 1.90210752639692 1.06471073699243 -9999 -9999 -9999 0.641853886172395 3.15700042115011 4.70862889435632 6.83335495640589 8.31385226739821 9.01444713515213 9.36185901961509 9.09504174761272 -10000 8.05484022110102 8.55468163582723 9.00859131751613 8.87444796721998 -10000 -10000 -10000 -10000 -10000 -10000 8.8378263640077 5.30727710791951 4.98975208317983 5.1328529268205 5.22305488204749
-10000 -10000 -10000 -10000 -10000 -10000 -10000 -10000 -10000 -0.693147180559945 1.19392246847243 4.61313835563727 5.25122575901419 5.43415858945945 5.23271160945004 4.62790967295758 1.97408102602201 2.83907846350861 6.4085287910595 6.91671502035361 7.13966033596492 6.90875477931522 6.39609597446757 3.48737507790321 2.83321334405622 3.36384159511839 3.8649313978943 4.04655389838575 -10000 -10000 -10000 -9999 0 2.64617479738412 4.38452351487247 6.81837746783092 7.78572089653462 8.98669669562029 12.0535739337853 9.17107965802288 8.41737285613403 8.54305585094196 9.06056344665796 12.0290609663511 10.3950080252441 -10000 -10000 -10000 -10000 -10000 -10000 -10000 5.80000133239674 6.45535578368476 6.39024066706535 6.26852794041162
-10000 -10000 -10000 -10000 -10000 -10000 -10000 -10000 -9999 -2.30258509299405 -0.356674943938732 1.09861228866811 4.34898678059568 4.50092016461429 4.34510328056928 1.25276296849537 -10000 -10000 -10000 7.70436116791031 8.21121136179302 7.72841577984104 6.90705503386774 6.12533963066401 -10000 4.75617305952462 5.09864617141897 5.30429943822558 -10000 -10000 -10000 -10000 -0.510825623765991 2.06686275947298 3.89995042419388 6.58988887535304 7.54168309988211 8.35913488675796 8.88613261817495 10.8511412833524 8.55814317774519 8.64944877053671 8.96123778149188 9.86630476140841 12.4006932579111 -10000 -10000 -10000 -10000 -10000 -10000 -10000 7.63094658089046 7.41397029019044 7.27517231945277 6.8745086851885
-10000 -10000 -10000 -10000 -10000 -10000 -10000 -9999 -9999 -9999 -9999 -0.916290731874155 0.53062825106217 0.641853886172395 0.53062825106217 -0.510825623765991 -10000 -10000 -10000 -10000 11.796832922518 8.21932609390609 7.12286665859908 6.33114591467014 5.02912987673242 5.71801405690293 7.98989937494294 8.19918935907807 -10000 -10000 4.91632461462501 3.44041809481544 -0.510825623765991 1.22377543162212 3.05870707271538 4.45782959808938 7.05098944706805 7.66105638236183 8.28248300373056 8.45233461906774 8.29079434738136 8.47010158388239 9.27977314669152 9.74677526124859 10.0794975667163 -10000 -10000 -10000 -10000 -10000 -10000 -10000 8.97030495299176 10.0553499018454 8.25009775257285 7.64921631982063
-10000 -10000 -10000 -10000 -10000 -10000 -10000 -10000 -10000 -10000 -10000 -9999 -9999 -9999 -2.30258509299405 -0.693147180559945 -10000 6.08130525110777 -10000 7.77904864492556 -10000 7.71289096149013 6.91473089271856 6.32400047519339 5.74460446917646 8.28045768658256 8.97309789628247 9.26804308210447 9.04286801803243 -10000 5.76016280809231 4.68582808900555 2.82137888640921 0 2.10413415427021 3.51749783735832 4.62005879848184 7.33367639565768 -10000 -10000 8.47866024169945 8.75368722709858 9.36185901961509 9.94438954385655 10.4175379710577 12.2363156796511 -10000 -10000 -10000 -10000 -10000 -10000 10.0823865925288 9.69319852665812 11.4142757150038 8.18729927015515
-10000 -10000 -10000 -10000 -10000 -10000 -10000 -10000 -10000 -9999 -10000 -9999 -10000 -1.6094379124341 -10000 -10000 1.25276296849537 2.06686275947298 -10000 -10000 7.1276936993474 6.90615399761516 6.47064469303843 5.43328522695852 8.03883475778775 -10000 9.7928911311941 -10000 9.8351551771593 9.07497873404551 -10000 -10000 3.8877303128591 1.43508452528932 0.641853886172395 2.30258509299405 3.73289633953071 -10000 -10000 8.33038156934942 11.7031407838833 8.95969714695939 9.32750099174976 10.1522598634842 13.040702027102 11.1151457484381 -10000 -10000 -10000 -10000 -10000 12.7268258276128 10.9831548460365 10.483242045741 9.73778709675841 8.62962862074603
-10000 -10000 -10000 -10000 -10000 -10000 -10000 -10000 -9999 -10000 -9999 -9999 0.182321556793955 1.25276296849537 -10000 1.54756250871601 1.1314021114911 1.84054963339749 -10000 6.08472717756767 -10000 6.12861438525522 4.3425058765116 5.67263574565936 8.4595640785796 -10000 10.3196947571762 13.3224102419608 10.3694517843901 9.37313926228127 8.47762041629641 5.7810521101475 4.07414185490458 2.34180580614733 -1.6094379124341 1.43508452528932 3.10458667846607 6.15634319029022 6.98007594056176 7.96797317966293 8.46358142196759 8.83346272071993 10.0560798758993 9.8597968639114 10.6669766941523 10.7645826489423 -10000 -10000 -10000 -10000 -10000 13.4811672535578 12.9944186360567 11.1551356140393 10.3603742801312 9.15186344221721
-10000 -10000 -10000 -10000 -10000 -10000 -10000 -10000 -9999 -9999 -9999 0.336472236621213 2.00148000021012 -10000 3.26193531432865 3.14415227867226 2.56494935746154 -10000 1.79175946922805 1.97408102602201 -10000 3.01553490085017 4.17899203628239 -10000 8.42551640284433 9.25798702544354 10.1288685987905 12.3282327544761 10.1243885912976 -10000 8.40983067308774 -10000 4.30676415017333 -10000 -2.30258509299405 0.78845736036427 2.67414864942653 4.0943445622221 6.93244789157251 7.53743003658651 7.92262357421729 8.20767442435528 9.03586793012563 10.0955531482795 10.8883524015652 11.1405856072939 11.6022358638493 -10000 -10000 -10000 -10000 14.2052906298508 13.4833233275768 12.7629819170091 10.8100915188207 9.59539867030668
-10000 -10000 -10000 -10000 -10000 -10000 -10000 -9999 -10000 -10000 -0.693147180559945 1.90210752639692 -10000 -10000 6.42503108532702 6.30554509341429 -10000 2.79728133483015 -10000 -10000 -10000 -10000 3.77045944110636 -10000 -10000 8.85051762174672 9.4885022710438 9.77588142793098 9.46707342628395 8.82482493917564 7.25063551189868 5.54283094359844 4.18052225846315 -10000 0 1.30833281965018 2.66025953726586 5.63443239652141 6.44762276953166 7.54062152865715 8.06054004653864 8.17357548663415 8.83448260862068 10.4643311578238 11.6397343118339 11.5620489069298 14.1735241055732 -10000 -10000 -10000 17.3104158668123 14.5742085596133 13.7230169080133 12.8933752799555 10.9453707469581 9.70137136841399
-10000 -10000 -10000 -10000 -10000 -10000 -10000 -10000 -9999 -9999 -10000 -10000 -10000 7.09920174355309 7.30787278076371 7.11558212618445 6.60894484874251 3.74714836223791 -10000 -10000 -10000 -1.6094379124341 -10000 4.41763506214125 -10000 -10000 8.6769282495374 8.8848872018374 8.72339402200014 7.48605261786314 8.87080344398212 5.26940335638339 4.07584109065754 3.02529107579554 -10000 2.55722731136763 2.9338568698359 5.74652262833236 6.57521530088853 7.60090245954208 11.2201772479183 8.09985791073758 8.76405326934776 9.97571518653301 10.7874616829337 13.118732794808 11.9854509117595 12.9297538807737 13.5412802698754 14.2045257720794 14.5671478485963 14.1630816876535 13.4997787440657 12.7748633576867 10.8080700092781 9.5761633448119
-10000 -10000 -10000 -10000 -10000 -10000 -9999 -10000 -10000 0.336472236621213 1.80828877117927 -10000 -10000 7.94590959861313 8.40491994893345 7.92407232492342 7.11476944836646 6.29802970656126 -10000 -10000 -1.6094379124341 -10000 -10000 3.03495298670727 -10000 -10000 -10000 -10000 -10000 5.7810521101475 5.32739061403374 -10000 3.64283551561253 -10000 5.58010711329498 5.69002155940616 5.49017662782248 5.58649931404147 6.35036201939981 7.13169851046691 7.63723438878947 7.53101633207792 8.42310226801664 9.15556734612889 10.358314090182 10.9586876895658 11.1352019750437 11.4494317311856 13.0824284892888 13.5182736497742 13.6902556774692 13.524149727171 13.0513441685676 11.3051999426344 10.3270872308398 9.06785472367943
-10000 -10000 -10000 -10000 -10000 -10000 -10000 -10000 -10000 2.07944154167984 3.43720781918519 -10000 -10000 -10000 11.9195632185941 8.38685668968823 7.34277918933185 -10000 -10000 -10000 -10000 -9999 -9999 -10000 2.70805020110221 -10000 4.6802776584749 -10000 -10000 4.59915211366253 4.16821441078856 3.60277675506052 -10000 5.87408767895441 6.3680156450515 6.55833963672499 6.33717965081037 5.79878957823454 5.8676005598856 6.36870163375959 6.63594655568665 6.72106418967024 7.09174211509515 8.47031120551611 9.10030226676725 10.0479341569012 10.418225513122 10.8434166829757 11.2132247909339 12.8144214531452 12.9237051001142 12.8152211789961 11.3305039031759 10.5429702085104 9.55286568031047 8.23004431012611
-10000 -10000 -10000 -10000 -10000 -10000 -9999 -10000 -10000 -10000 -10000 -10000 -10000 8.64400203827993 8.7279402223939 7.94520113241276 7.14834574390007 6.36371752101003 -10000 -10000 -1.6094379124341 -9999 -9999 -10000 -10000 -10000 -10000 -10000 -10000 -10000 2.82137888640921 3.54961738678043 -10000 6.46909526601633 7.17548971362422 7.56216163122565 7.07242190053737 6.32740092589731 5.52305963922594 5.5691075713296 5.78812362308995 5.85621739769996 5.74236195662368 6.67620146030796 8.16166045205628 8.55948610360649 9.18502256399189 9.70155495009306 10.3723342628091 10.8372448519089 10.9864107417396 10.8317859035346 10.3444484963291 9.56633508461005 8.51839247199172 6.83679619004164
