data_gis/fral_60_popSize_lowLoss.asc
NCOLS 157 
NROWS 98 
XLLCORNER 84247.92649 
YLLCORNER -828428.80646 
CELLSIZE 20000 
NODATA_value -10000 
[rows 52 to 77 of 98, columns 60 to 119 of 157]
-9999 -10000 -10000 -10000 -10000 -10000 -10000 -10000 9.17988116449147 -10000 5.20565368168462 6.03380538759751 -10000 8.87556669199055 9.06288390250831 9.02821879518489 7.75362354655975 7.16857989726403 6.25344412220739 -10000 -10000 -10000 -10000 -10000 -10000 -10000 -10000 -10000 -9999 -9999 -9999 1.50407739677627 2.33214389523559 3.16547504814109 3.68637632389582 3.16968558067743 2.32238772029023 1.50407739677627 -9999 2.21920348405499 2.80336038090653 3.02042488614436 2.88480071284671 4.47847253294213 4.88658264542628 5.20235697540213 5.22197613329131 4.86907172977447 3.74714836223791 3.83945231259331 3.13549421592915 2.83321334405622 2.68102152871429 2.39789527279837 1.43508452528932 -10000 -0.510825623765991 -10000 -10000 -10000
2.72129542785223 -10000 -10000 -10000 -10000 -10000 -10000 -10000 5.18178355029209 -10000 -10000 6.92559519711047 9.14963449685879 9.68040649926887 9.88690074893173 9.76065590342859 11.0952561880232 8.1300590399928 -10000 -10000 -10000 -10000 -10000 -10000 2.85647020622048 -10000 2.86220088092947 2.31253542384721 -9999 -9999 -9999 -9999 -10000 2.35137525716348 2.83907846350861 2.69462718077007 2.27212588550934 -9999 1.88706964903238 2.83907846350861 3.65842024662923 4.15103990589865 4.57057874121847 4.969813299576 5.66815529701305 6.18682571740974 7.91278922069068 5.41698889626554 4.772378104972 3.65065824129374 3.15273602236366 2.66025953726586 2.02814824729229 1.52605630349505 1.06471073699243 -0.510825623765991 -10000 -10000 -10000 -10000
3.32503602069659 -10000 -10000 -10000 -10000 -10000 -10000 -10000 5.00863329142558 -10000 -10000 8.97487117097134 -10000 10.4415002361461 10.8325365505089 10.4446483760982 9.79138211875182 -10000 -10000 -10000 1.33500106673234 -0.510825623765991 2.19722457733622 2.86220088092947 3.74004774068834 4.23988686751276 3.73528582692809 2.90690105984738 2.01490302054226 -9999 -9999 -9999 -9999 2.21920348405499 2.58021682959233 2.66722820658195 1.82454929205105 1.22377543162212 2.12823170584927 3.03495298670727 4.13035499974513 8.3020178097512 4.8895969657192 5.25540986553676 6.2876726692792 9.81950793874085 6.50128967054039 5.71571104552148 5.28066243130932 4.26127043353808 3.28091121578765 6.2363695902037 2.06686275947298 1.19392246847243 -10000 -10000 -10000 -9999 -10000 -10000
3.50855589998265 -10000 8.8405801884888 4.57367951889672 -10000 -10000 -10000 -10000 5.83041512558957 6.77422388635761 -10000 9.79551251087083 10.2918404110343 10.8394436473842 13.9757049377887 10.8409721004173 9.92822894442457 -10000 -10000 4.78998862298063 2.2512917986065 0.832909122935104 2.51769647261099 3.19458313229916 4.23265617801961 8.40893960597598 4.24563400976833 3.10009228887823 2.18605127673809 -10000 -9999 -9999 1.09861228866811 1.82454929205105 2.67414864942653 3.15273602236366 2.68784749378469 1.82454929205105 2.39789527279837 2.79728133483015 3.64805745959368 4.24132675257075 4.75874927391639 5.56106617245461 6.25074714503806 6.67985041056622 8.09742629859721 6.23832462503951 8.27333659850449 4.65681341913993 3.46885603013597 2.66025953726586 -10000 -10000 -10000 -10000 -10000 -10000 -10000 -10000
-10000 -10000 -10000 4.07243972683405 -10000 -10000 -10000 -10000 -10000 9.07257144223129 -10000 10.2312433396166 10.4215072368824 10.7036938053895 10.8444904090054 10.4533992650093 9.70880997353259 8.87975079851313 6.19583294309586 4.66438204561994 2.65324196460721 2.00148000021012 2.67414864942653 3.06805293513362 3.79548918917219 4.24276456734037 3.74950407593037 2.88480071284671 -10000 -9999 -9999 -9999 1.19392246847243 2.07944154167984 3.15273602236366 7.59387784460512 3.14415227867226 2.07944154167984 1.09861228866811 2.54944517092557 3.59731226058845 4.37701409285034 5.39544407727876 6.1970549391746 6.73006299057184 7.01660968389422 6.85351026412974 6.49284571204597 5.99645208861902 5.20729796816087 4.18965474202643 2.70805020110221 -10000 -10000 -10000 -10000 -10000 -10000 -10000 -10000
-10000 -10000 3.5055573969864 3.30321697330195 2.71469474382088 -10000 -10000 -10000 -10000 9.59219561444521 10.3397404807966 10.7663775076832 -10000 10.404535530538 10.234875457248 9.71456425210761 9.16335358075185 6.84821756626594 5.67125928295064 4.16511363311031 -10000 6.75227037614174 2.02814824729229 2.63905732961526 3.00071981506503 3.1267605359604 2.88480071284671 2.29253475714054 -9999 -9999 -9999 -9999 1.09861228866811 1.88706964903238 2.71469474382088 3.16968558067743 2.70136121295141 3.22286784613774 3.40119738166216 4.05871738457895 4.96424225452655 5.91485344473614 6.64092103904319 7.14519613499717 7.46794233228585 9.87847738953196 8.8155184239665 8.85879510585745 8.70300863746445 5.92157841964382 -10000 -10000 -10000 -10000 -10000 -10000 -10000 -10000 -10000 -10000
3.32503602069659 2.61006979274201 2.58021682959233 2.4423470353692 -10000 2.66722820658195 -10000 -10000 8.89658807179122 9.78818892817267 10.7414274779976 13.9202191611733 10.7424435734683 10.1942523684478 9.76365060734833 8.97335141383992 7.05875815251866 6.11897786740694 -10000 -10000 1.56861591791385 1.98787434815435 1.50407739677627 0.587786664902119 2.19722457733622 2.21920348405499 2.04122032885964 -9999 -9999 -9999 -9999 -9999 -0.356674943938732 1.50407739677627 2.02814824729229 2.2082744135228 3.44041809481544 3.98527346716774 4.66249525260736 5.55489569394848 6.45990445437753 7.20191631753163 7.79975331828725 8.11790894238315 9.0447579311865 9.76680835362087 9.97669154479454 9.76007896924077 -10000 -10000 -10000 -10000 -10000 -10000 -10000 -10000 -10000 -10000 -10000 -10000
4.10429489307527 3.57234563785798 0.53062825106217 -9999 -10000 2.72129542785223 -10000 6.11146733950268 8.74989095553526 9.57962547262959 10.3174167390564 10.7325632503203 10.3352050317884 9.62350906446938 8.88197518424887 7.05789793741186 -10000 -10000 -10000 -10000 0.587786664902119 0.8754687373539 0.53062825106217 -0.356674943938732 -0.693147180559945 -0.510825623765991 -0.693147180559945 -9999 -9999 -9999 -9999 -0.693147180559945 0.0953101798043249 0.78845736036427 1.84054963339749 3.11351530921037 3.94931879017184 4.90823336047817 5.88582621508499 6.70208320857993 7.53101633207792 8.95480275285097 9.7001466285181 10.3926195622169 10.5977591007578 10.6554930901024 -10000 -10000 -10000 9.55009293671897 -10000 -10000 -10000 -10000 -10000 -10000 -10000 -10000 -10000 -10000
4.89185175810629 4.07414185490458 3.3178157727231 0.741937344729377 -9999 1.80828877117927 4.13356527537538 5.57935239627802 6.6527339887699 9.02087334702136 9.55732855032537 9.80873721599032 9.61045787375775 9.08545718982949 6.94601399109923 -10000 -10000 -10000 -10000 -9999 -0.693147180559945 -0.510825623765991 -0.693147180559945 -0.356674943938732 0.53062825106217 0.78845736036427 0.470003629245736 -0.356674943938732 -9999 -9999 -9999 0.182321556793955 0.693147180559945 1.38629436111989 5.78197732224126 3.20274644293832 4.27666611901606 5.67606863608869 9.03919611577235 7.54855597916987 9.14729407025855 10.1285492630062 10.8372448519089 11.1163655873326 11.3670785466231 -10000 -10000 14.0502727506977 10.9718639764743 -10000 -10000 -10000 -10000 -10000 -10000 -10000 -10000 -10000 -10000 -10000
5.33126846668772 4.47960696301275 3.6163087612791 2.07944154167984 1.7404661748405 1.02961941718116 2.96010509591084 -10000 5.80994267048459 6.62366674204049 8.74941540666365 -10000 -10000 -10000 -10000 -10000 -10000 -10000 -9999 -9999 -9999 -9999 -0.693147180559945 0.53062825106217 1.43508452528932 2.00148000021012 1.45861502269952 0.470003629245736 -0.693147180559945 -9999 0 0.693147180559945 1.19392246847243 1.33500106673234 1.50407739677627 3.11794990627824 4.62595272517062 5.98795840777869 7.49108759353488 8.88294679928817 10.2024062569139 10.9768162206697 11.5617918167135 11.7789215877871 11.9490814203992 13.9227888335445 11.6030951824808 11.3295553586403 -10000 -10000 -10000 -10000 -10000 -10000 -10000 -10000 -10000 -10000 -10000 -10000
5.0166173657738 7.25063551189868 4.01818320125654 2.85070650150373 2.47653840011748 2.99573227355399 -10000 3.76120011569356 4.61015772749913 5.47980524259341 -10000 -10000 -10000 -10000 -10000 -10000 -10000 -9999 -9999 -9999 -9999 -9999 -0.510825623765991 0.741937344729377 2.02814824729229 6.70857236511277 2.01490302054226 0.741937344729377 -0.510825623765991 -0.693147180559945 0.405465108108164 1.50407739677627 2.11625551480255 1.68639895357023 1.09861228866811 2.33214389523559 4.8613615913485 6.22574584283265 7.40974195408092 9.58843428328822 10.5368051076862 11.3508417348771 13.768643243933 13.9344200700189 13.9578396372047 11.8578971926494 -10000 -10000 -10000 -10000 -10000 -10000 -10000 -10000 -10000 -10000 -10000 -10000 -10000 -10000
4.37197629882038 4.27666611901606 4.30945594183905 4.40305400186596 4.67562864963665 -10000 -10000 3.48737507790321 3.62167070442049 3.84801767545223 -10000 -10000 -10000 -10000 -10000 -1.6094379124341 -9999 -9999 -9999 -9999 -9999 -9999 -0.693147180559945 0.470003629245736 1.43508452528932 2.00148000021012 1.43508452528932 0.470003629245736 -0.693147180559945 -0.510825623765991 0.741937344729377 2.06686275947298 6.61177218149097 2.11625551480255 1.02961941718116 2.68102152871429 4.82591085268599 6.37229537425779 8.55140136274597 9.79723775269342 10.7133060398998 11.3992751279389 11.6853229405665 11.921758229486 11.7506186550769 -10000 -10000 -10000 -10000 -10000 -10000 -10000 -10000 -10000 -10000 -10000 -10000 -10000 -10000 -10000
3.8286413964891 4.4624538837865 4.91485833870249 5.20510498482586 7.7445698093545 5.07517381523383 4.72561633906396 4.18052225846315 -10000 -10000 -10000 -10000 -10000 -10000 -9999 -9999 -9999 -9999 -9999 -9999 -9999 -9999 -9999 -0.356674943938732 0.470003629245736 0.78845736036427 0.470003629245736 -0.356674943938732 -9999 -0.693147180559945 0.405465108108164 1.45861502269952 2.05412373369555 1.52605630349505 0.470003629245736 2.84490938381941 4.83707524297087 6.28692876000182 8.61104776688786 9.51436320401602 10.6563648373038 13.5706363468932 11.3559207161601 -10000 -10000 -10000 -10000 -10000 -10000 -10000 -10000 -10000 -10000 -10000 -10000 -10000 -10000 -10000 -10000 -10000
4.0842942263686 4.82510860635335 7.70481192293259 5.81889528175671 5.57557024350928 5.39271804196952 8.80702295592548 -10000 -10000 -10000 -10000 -10000 -10000 -9999 -9999 2.2512917986065 2.41591377830105 2.27212588550934 -9999 -9999 -9999 -9999 -9999 -9999 -0.693147180559945 -0.510825623765991 -0.693147180559945 -9999 -9999 -9999 0 0.470003629245736 0.78845736036427 0.470003629245736 0.0953101798043249 2.71469474382088 4.59713801429083 6.01469267322719 8.43294163896865 9.24686514665856 10.0393724235565 10.7408000100266 10.6094769181094 10.8347654142185 -10000 -10000 -10000 -10000 -10000 -10000 -10000 -10000 -10000 -10000 -10000 -10000 -10000 -10000 -10000 -10000
3.93573953204546 4.76302827060367 5.70943314616501 9.51892740510786 -10000 -10000 -10000 -10000 -10000 -10000 -10000 -10000 1.41098697371026 1.28093384546206 2.57261223020711 3.10906095886099 3.34286180464919 3.13983261752775 2.84490938381941 0.955511445027436 0.741937344729377 -9999 -9999 -9999 -9999 -9999 -9999 -9999 -9999 -9999 -9999 0.78845736036427 0.832909122935104 0.78845736036427 -9999 2.56494935746154 4.20020495292158 5.79209855570477 7.99395754757357 8.72664341559844 9.27256371515631 9.52412869151244 9.39282858154946 9.02665788954289 -10000 -10000 -10000 -10000 -10000 -10000 -10000 -10000 -10000 -10000 -10000 -10000 -10000 -10000 -10000 -10000
3.6454498961866 4.44617445449763 5.10957524195116 5.57594910314632 -10000 -10000 -10000 -10000 -10000 -10000 -10000 2.16332302566054 2.34180580614733 2.99071973173045 3.37073817417745 3.97781074596615 4.46014441393783 4.08597631255158 3.42426265459315 2.96010509591084 1.77495235091167 1.06471073699243 -9999 -9999 -9999 -9999 -9999 -9999 -9999 -9999 0.262364264467491 0.955511445027436 2.31253542384721 3.00568260440716 3.52046080248897 3.44361809754611 4.60716818865076 5.46974648217557 6.31608106735283 6.97260625130175 8.4707303170059 8.63105744756528 8.52078672692637 6.96979066990159 -10000 -10000 -10000 -10000 -10000 -10000 -10000 -10000 -10000 -10000 -10000 -10000 -10000 -10000 -10000 -10000
-0.693147180559945 -10000 4.30541553230204 4.50534985070588 4.22390976657674 4.00733318523247 -10000 -10000 -10000 1.30833281965018 2.19722457733622 2.99573227355399 3.47506723022861 3.91002100275747 4.08597631255158 4.68859179412716 8.54364036143109 4.55597994179732 3.8607297110406 3.63758615972639 2.56494935746154 1.75785791755237 0.741937344729377 -9999 -9999 -9999 -9999 -9999 -9999 -0.22314355131421 1.09861228866811 3.34638914516716 4.44851637594271 5.01926462079431 5.14633100955016 5.05177723742743 5.16077795252597 5.41654474791269 6.13794301348671 9.73364777324423 6.62313518056618 6.45141784050022 6.37349042348238 5.87099039364011 -10000 -10000 -10000 -10000 -10000 -10000 -10000 -10000 -10000 -10000 -10000 -10000 -10000 -10000 -10000 -10000
-10000 -9999 3.34286180464919 -10000 -10000 -9999 -9999 -9999 -9999 1.41098697371026 2.33214389523559 3.44998754583159 7.79564653633459 4.39814601655377 4.36818122785183 4.56538931597625 4.71492104994721 4.19268046294296 3.93769075217672 7.50218648660292 3.05870707271538 2.00148000021012 0.916290731874155 -9999 -9999 -9999 -9999 -9999 -9999 0.336472236621213 3.58073729549423 4.969813299576 6.90153597916822 6.28860177833052 6.44667174711096 6.31499627245346 7.72841577984104 5.59805152002396 5.67641127786007 5.98015078720771 5.75415868198127 5.38952824660142 4.99314997975524 3.9926809084456 -10000 -10000 -10000 -10000 -10000 -10000 -10000 -10000 -10000 -10000 -10000 -10000 -10000 -10000 -10000 -10000
-10000 1.75785791755237 -10000 -10000 -9999 -10000 -10000 -9999 -9999 1.30833281965018 2.16332302566054 3.5055573969864 4.17745946893261 4.4496852831477 4.84418708645859 4.57264699428253 4.18965474202643 3.8458832029236 3.37758751602302 3.05400118167797 2.56494935746154 1.75785791755237 0.78845736036427 -9999 -9999 -9999 -9999 -9999 -2.30258509299405 3.10906095886099 4.81055701571304 5.94332417178005 6.78366489375109 8.76981787205262 8.91931939825889 8.77322978603247 6.72623340235875 5.98946254443731 5.36363683266868 4.99856271286199 4.72650247115562 4.35414143118435 2.47653840011748 -10000 -10000 -10000 -10000 -10000 -10000 -10000 -10000 -10000 -10000 -10000 -10000 -10000 -10000 -10000 -10000 -10000
-10000 -10000 2.15176220325946 -10000 -10000 -10000 -10000 -10000 -10000 -9999 -10000 3.09557760852371 3.81330703248899 4.66814498514948 8.63266244122235 4.8698394841308 4.2780540442909 3.89385903480047 1.7227665977411 1.97408102602201 1.7227665977411 1.09861228866811 -9999 -9999 -9999 -9999 -9999 -9999 1.87180217690159 3.95699637107088 5.65634140005607 6.75110146893676 9.06404211435888 9.71902370267014 9.83268948122741 9.60177416667137 9.04546572878595 6.51870471214207 5.4553211153577 4.4320065669789 3.62700405039585 -9999 -9999 -10000 -10000 -10000 -10000 -10000 -10000 -10000 -10000 -10000 -10000 -10000 -10000 -10000 -10000 -10000 -10000 -10000
-10000 -10000 -10000 -10000 -10000 -9999 -10000 -9999 -9999 -10000 -10000 2.75366071235426 3.61091791264422 4.32809829264833 4.86368088113959 4.60316818331742 4.29728540621879 3.83514196109219 3.07269331469012 0.955511445027436 0.741937344729377 -9999 -9999 -9999 -9999 -9999 -9999 -9999 2.05412373369555 4.68490515400694 6.16940150558411 8.79664145894091 9.61005564810374 10.3598992282624 10.7919753397482 10.3831011081694 9.58541499876028 -10000 5.59805152002396 -10000 -10000 -9999 -9999 -10000 -10000 -10000 -10000 -10000 -10000 -10000 -10000 -10000 -10000 -10000 -10000 -10000 -10000 -10000 -10000 -10000
7.89133075766189 7.07242190053737 3.18635263316264 2.11625551480255 -10000 -10000 -9999 -9999 -10000 -9999 -9999 1.79175946922805 3.30321697330195 4.10429489307527 4.48975933447676 4.8023803552758 4.97258722645873 4.29045944114839 3.42751468997953 2.54944517092557 -9999 -9999 -9999 -9999 -9999 -9999 -9999 -9999 2.79116510781272 4.87519732320115 6.30023518438963 -10000 9.84675845829004 10.7891541148665 13.9538541035858 10.8183372466139 -10000 -10000 5.41787660160568 2.85070650150373 -10000 -10000 -9999 -10000 -10000 -10000 -10000 -10000 -10000 -10000 -10000 -10000 -10000 -10000 -10000 -10000 -10000 -10000 -10000 -10000
3.72086249996699 -10000 2.79116510781272 -10000 -10000 -10000 -10000 -10000 -10000 -9999 1.43508452528932 2.34180580614733 3.23080439573347 4.39568296112137 4.5685062016165 5.06449196688697 8.86644061952617 4.80073696953207 3.6609942506244 2.72785282839839 -9999 -9999 -9999 -9999 -9999 -9999 -9999 -0.105360515657826 2.45100509811232 4.75960653929251 -10000 8.86460536807578 9.65297280442579 10.3834724527504 10.7956700010663 -10000 -10000 -10000 -10000 -9999 -9999 -10000 -10000 -10000 -10000 -10000 -10000 -10000 -10000 -10000 -10000 -10000 -10000 -10000 -10000 -10000 -10000 -10000 -10000 -10000
3.47815842279828 3.34638914516716 -10000 -10000 -9999 -10000 -10000 -9999 -10000 -9999 1.66770682055808 2.57261223020711 3.69386699562498 7.97143099776935 4.43675153436313 4.56954300834494 4.8955984841079 4.30135873160643 3.42426265459315 2.55722731136763 -9999 -9999 -9999 -9999 -9999 -9999 -10000 -10000 -10000 4.32015123095579 -10000 7.06133436691044 9.16408698745872 9.69547888880619 9.88364192431542 9.63560810738053 -10000 5.93489419561959 -10000 -9999 -9999 -9999 -10000 -10000 -10000 -10000 -10000 -10000 -10000 -10000 -10000 -10000 -10000 -10000 -10000 -10000 -10000 -10000 -10000 -10000
3.76815263500844 3.55248682920838 2.8094026953625 -10000 -10000 -10000 -9999 -9999 -9999 -9999 1.43508452528932 2.33214389523559 3.22684399451738 3.72810016726722 3.92789635458444 3.8649313978943 3.85862222870103 -10000 -10000 2.63188884013665 2.72129542785223 2.61739583283408 -9999 -9999 -10000 -9999 -0.510825623765991 -10000 2.19722457733622 6.72850898870511 5.63407506223138 6.59400297879717 7.50933526601659 10.6885299978003 9.08455036591788 8.86517041965177 -10000 -10000 -10000 -9999 -9999 -9999 -10000 -10000 -10000 -10000 -10000 -10000 -10000 -10000 -10000 -10000 -10000 -10000 -10000 -10000 -10000 -10000 -10000 -10000
4.57264699428253 4.44734610079452 3.90197266957464 -10000 -10000 -9999 -9999 -9999 -9999 -9999 -10000 1.79175946922805 2.54944517092557 2.8094026953625 2.65324196460721 3.24259235148552 2.90690105984738 -10000 -10000 3.4626060097908 3.68386691229039 -10000 -10000 -9999 -10000 -10000 -10000 -10000 1.38629436111989 -10000 -10000 -10000 6.80992191863337 7.27309259599952 7.05358572719368 6.51973708447769 -10000 -10000 1.84054963339749 -10000 -10000 -10000 -10000 -10000 -10000 -10000 -10000 -10000 -10000 -10000 -10000 -10000 -10000 -10000 -10000 -10000 -10000 -10000 -10000 -10000
