data_gis/fral_20_popSize_highRes.asc
NCOLS 157 
NROWS 98 
XLLCORNER 84247.92649 
YLLCORNER -828428.80646 
CELLSIZE 20000 
NODATA_value -10000 
[rows 56 to 83 of 98, columns 0 to 61 of 157]
-10000 -10000 -10000 -10000 -10000 -10000 -10000 -10000 -10000 -10000 -9999 -9999 -9999 -9999 -9999 -9999 -9999 -9999 -9999 -9999 1.58923520511658 2.17475172148416 2.66025953726586 2.99071973173045 2.66722820658195 2.16332302566054 -10000 -10000 -10000 -9999 -10000 -9999 -9999 -10000 -9999 -10000 -9999 -10000 -9999 -9999 -10000 -9999 -9999 -10000 -9999 -10000 -10000 -10000 -10000 -10000 3.17387845893747 2.40694510831829 1.80828877117927 -9999 -9999 -9999 -9999 -9999 -9999 -9999 -10000 -10000
-10000 -10000 -10000 -10000 -10000 -10000 -10000 -10000 -10000 -10000 -9999 -9999 -9999 -9999 -9999 -9999 -9999 -9999 -9999 -9999 -9999 1.80828877117927 2.17475172148416 2.31253542384721 2.15176220325946 1.79175946922805 -10000 -9999 -9999 -9999 -9999 -9999 1.7227665977411 1.80828877117927 1.64865862558738 -9999 -9999 -10000 -9999 -9999 -10000 -9999 -10000 -9999 -9999 -10000 -10000 -10000 -10000 7.26542972325395 3.60277675506052 2.66025953726586 1.91692261218206 -9999 -9999 -9999 -9999 -9999 -9999 -9999 -10000 -10000
-10000 -10000 -10000 -10000 -10000 -10000 -10000 -10000 -10000 -10000 -10000 -9999 -9999 -9999 -9999 -10000 -9999 -9999 -9999 -9999 -9999 -9999 1.6094379124341 1.68639895357023 1.58923520511658 -9999 -9999 -9999 -9999 -9999 -9999 1.94591014905531 2.17475172148416 2.3887627892351 2.16332302566054 1.88706964903238 -9999 -10000 -9999 -9999 -9999 -9999 -10000 -9999 -9999 -10000 -10000 -10000 -10000 -10000 3.15700042115011 2.3887627892351 1.79175946922805 -9999 -9999 -9999 -9999 -9999 -9999 -9999 -9999 -9999
-10000 -10000 -10000 -10000 -10000 -10000 -10000 -10000 -10000 -10000 -9999 -9999 -9999 -9999 -9999 -9999 -9999 -9999 -9999 -10000 -9999 -9999 -9999 -9999 -9999 -9999 -9999 -9999 -9999 -9999 1.70474809223843 2.85647020622048 3.27714473299218 -10000 2.80336038090653 2.16332302566054 1.68639895357023 -9999 -9999 -10000 -9999 -10000 -10000 -9999 -9999 -10000 -10000 -10000 -10000 -10000 2.41591377830105 2.04122032885964 -9999 -9999 -9999 -9999 -9999 1.75785791755237 1.79175946922805 1.75785791755237 -9999 -9999
-10000 -10000 -10000 -10000 -10000 -10000 -10000 -10000 -9999 -10000 -9999 -9999 1.80828877117927 1.90210752639692 1.77495235091167 -9999 -9999 -9999 -9999 -9999 -9999 -9999 -9999 -9999 2.15176220325946 2.28238238567653 2.16332302566054 -9999 -9999 -9999 2.77881927199042 3.29212628660779 3.70622809244855 6.55933191124117 3.51749783735832 2.37954613413017 1.77495235091167 -9999 -9999 -9999 -10000 -10000 -9999 3.05400118167797 3.15700042115011 -10000 -10000 -10000 -10000 -10000 1.80828877117927 -9999 -9999 -9999 -9999 -9999 1.91692261218206 2.31253542384721 2.484906649788 2.32238772029023 1.85629799036563 -9999
-10000 -10000 -10000 -10000 -10000 -10000 -10000 -10000 -10000 -9999 -9999 1.97408102602201 2.32238772029023 2.45958884180371 2.31253542384721 1.98787434815435 -9999 -9999 -9999 -9999 -9999 -9999 -9999 2.37024374146786 2.80336038090653 3.03495298670727 2.77881927199042 2.41591377830105 -9999 1.85629799036563 2.96010509591084 3.51452606696916 3.97217692824789 3.8416005411316 3.46885603013597 2.84490938381941 1.66770682055808 -9999 -9999 -10000 -10000 -9999 3.72328088083127 4.17592454921452 4.28082412916472 -10000 -10000 -10000 -10000 -10000 -9999 -9999 -9999 -9999 -9999 1.75785791755237 2.30258509299405 3.01062088604774 3.4904285153901 2.99071973173045 3.20680324363393 2.91235066461494
-10000 -10000 -10000 -10000 -10000 -10000 -10000 -10000 -10000 -10000 1.77495235091167 2.31253542384721 2.91235066461494 3.28091121578765 2.92316158071916 2.30258509299405 1.80828877117927 -9999 -9999 -9999 -9999 -9999 2.18605127673809 2.8094026953625 3.61091791264422 4.23988686751276 3.62167070442049 2.79116510781272 2.2082744135228 1.91692261218206 2.66025953726586 3.74714836223791 7.01481435127554 3.85862222870103 3.30688670219091 2.72129542785223 -9999 -9999 -9999 -9999 -10000 3.68637632389582 4.40305400186596 4.80320103648723 4.98838968514894 -10000 -10000 -10000 -10000 -10000 -10000 -9999 -9999 -9999 -9999 1.79175946922805 2.4932054526027 3.47196645255036 6.86703744570358 4.02713581252865 3.71113006304876 3.6988297849671
-10000 -10000 -10000 -10000 -10000 -10000 -10000 -10000 -10000 -9999 1.91692261218206 2.45100509811232 3.26956893918372 6.61953973092421 3.2846635654062 2.45100509811232 1.90210752639692 -9999 -9999 -9999 -9999 -9999 2.32238772029023 3.01553490085017 4.21360798304892 7.34018683532012 4.21950770517611 3.03974915897077 -10000 -10000 -10000 3.11351530921037 3.72569342723665 3.39785848039664 2.98061863574394 1.85629799036563 -9999 -9999 -9999 -9999 2.00148000021012 4.04305126783455 4.73356340075649 5.18290651503671 8.07682603129881 -10000 -10000 -10000 -10000 -10000 -10000 -10000 -9999 -9999 -9999 1.75785791755237 2.31253542384721 3.00071981506503 3.9740583963476 3.97781074596615 4.17130560335823 4.65586330030361
-10000 -10000 -10000 -10000 -10000 -10000 -10000 -10000 -9999 -9999 1.77495235091167 2.32238772029023 2.91235066461494 3.28091121578765 2.91235066461494 2.31253542384721 -10000 -10000 -10000 -9999 -9999 -9999 2.19722457733622 2.81540871942271 -10000 4.22683374526818 3.59731226058845 2.78501124223834 -10000 -10000 -10000 -10000 2.67414864942653 2.4932054526027 2.10413415427021 -9999 -9999 -9999 -9999 1.7404661748405 2.82137888640921 4.25985900069967 4.79826681595 7.38956395367764 5.19240114095649 -10000 -10000 -10000 -10000 -10000 -10000 -10000 1.30833281965018 -9999 -9999 -9999 1.88706964903238 2.31253542384721 3.34286180464919 3.72810016726722 4.43319492124828 7.34858753092759
-10000 -10000 -10000 -10000 -10000 -10000 -10000 -9999 -9999 -9999 -9999 1.96009478404727 2.32238772029023 2.45100509811232 2.31253542384721 1.98787434815435 -10000 -10000 -10000 -10000 -9999 -9999 -9999 2.35137525716348 2.81540871942271 3.03495298670727 2.79728133483015 2.37024374146786 -10000 -10000 -9999 1.85629799036563 1.90210752639692 1.85629799036563 -9999 -9999 -9999 -9999 1.82454929205105 3.18635263316264 3.72086249996699 3.95508249488859 4.60116216459055 4.80320103648723 4.74319148388547 -10000 -10000 -10000 -10000 -10000 -10000 -10000 2.29253475714054 1.88706964903238 -9999 -9999 -9999 1.7227665977411 2.91235066461494 3.29583686600433 3.63230910262554 4.4188406077966
-10000 -10000 -10000 -10000 -10000 -10000 -10000 -10000 -10000 -10000 -10000 -9999 1.77495235091167 1.88706964903238 1.77495235091167 -9999 -10000 -9999 -10000 -9999 -10000 -9999 -9999 -9999 2.2082744135228 2.31253542384721 2.2082744135228 -9999 -9999 -10000 -9999 -9999 -9999 -9999 -9999 -9999 -9999 1.7404661748405 -10000 -10000 3.98898404656427 4.29319542096727 4.12874598893943 4.26549281841793 4.05525717351405 3.68386691229039 -10000 -10000 -10000 -10000 -10000 -10000 3.22684399451738 2.61739583283408 2.00148000021012 -9999 -9999 -9999 -9999 2.30258509299405 2.75366071235426 2.98061863574394
-10000 -10000 -10000 -10000 -10000 -10000 -10000 -10000 -10000 -9999 -10000 -9999 -10000 -9999 -10000 -10000 -9999 -9999 -10000 -10000 -9999 -9999 -9999 -9999 -9999 -10000 -9999 -10000 -9999 -9999 -10000 -10000 -9999 -9999 -9999 -9999 -9999 -10000 -10000 4.3732381286408 6.74382358729977 4.37575702166029 4.1026433650368 3.50254987592244 2.00148000021012 1.75785791755237 -10000 -10000 -10000 -10000 -10000 7.00124562206948 3.98713047791495 3.49650756146648 2.65324196460721 1.19392246847243 -9999 -9999 -9999 -9999 3.26956893918372 3.4307561839037
-10000 -10000 -10000 -10000 -10000 -10000 -10000 -10000 -9999 -10000 -9999 -9999 -9999 -9999 -10000 -9999 -9999 -9999 -10000 -9999 -10000 -9999 -9999 -9999 -9999 -10000 -9999 -9999 -9999 -9999 -9999 -9999 -9999 -9999 -9999 -9999 2.18605127673809 3.64805745959368 4.33073334028633 4.71849887129509 7.55328660560042 4.66720557690754 3.62434093297637 3.21486780347066 2.54944517092557 2.76000994003292 -10000 -10000 -10000 -10000 -10000 6.94697599213542 6.59290753845759 4.06731588983418 3.39450839351136 1.85629799036563 -0.105360515657826 -9999 -9999 2.72129542785223 3.1267605359604 -10000
-10000 -10000 -10000 -10000 -10000 -10000 -10000 -10000 -9999 2.12823170584927 2.24070968927596 2.15176220325946 -9999 -10000 -9999 -9999 -9999 -10000 -9999 -9999 -10000 -9999 -9999 -10000 -9999 -9999 -9999 -9999 -9999 -10000 -9999 -10000 -9999 -10000 -9999 2.4423470353692 2.89591193827178 4.05698877567833 4.46705688385846 4.73444252169223 4.64246597073179 4.14788532915013 3.55534806148941 3.3499040872746 2.9704144655697 3.45946628978613 4.28496492183075 -10000 -10000 -10000 -10000 7.43307534889858 6.92264389147589 6.41999492814714 3.75419892023458 2.4932054526027 1.19392246847243 -9999 -10000 -10000 -10000 4.43675153436313
-10000 -10000 -10000 -10000 -10000 -10000 -10000 -9999 -10000 -10000 2.96527306606928 2.77881927199042 -10000 -10000 -9999 -9999 -10000 -9999 -10000 -10000 -10000 -10000 -9999 -10000 -10000 -9999 -9999 -9999 -9999 -9999 -9999 -9999 -9999 -10000 2.18605127673809 2.86789890204411 3.79997350161952 4.39321382406445 4.54754107315146 4.4636066216663 4.2297491992283 3.48737507790321 3.05400118167797 2.95491027903374 3.4904285153901 4.31615389052317 7.04315991598834 -10000 -10000 -10000 10.9315164197488 7.71423114484909 7.07072410726028 6.50264010963826 3.89182029811063 2.64617479738412 1.56861591791385 -9999 2.61739583283408 3.29953372788566 -10000 7.84854348245668
-10000 -10000 -10000 -10000 -10000 -10000 -10000 -10000 2.76631910922619 3.58351893845611 -10000 -10000 -10000 2.11625551480255 -9999 -9999 -9999 -9999 -10000 -10000 -10000 -9999 -10000 -9999 -10000 -10000 -9999 -9999 -9999 -9999 -9999 -9999 -9999 -9999 -10000 3.02529107579554 4.39568296112137 7.434847875212 4.3425058765116 4.12713438504509 3.36729582998647 2.79116510781272 2.01490302054226 3.13549421592915 6.37621661361861 4.26829786934554 4.71939133007811 6.57827851687331 8.02059914989697 7.48099216286952 7.71512360363211 7.4312996751559 6.92165818415113 6.43550913718362 3.78191432008113 2.484906649788 1.16315080980568 -9999 -10000 -10000 -10000 -10000
-10000 -10000 -10000 -10000 -10000 -10000 -9999 -10000 -10000 4.1415461637064 7.54591815120932 -10000 -10000 2.21920348405499 -9999 -9999 -9999 -9999 -10000 -10000 -9999 -10000 -10000 -9999 -10000 -10000 -10000 -10000 -10000 -9999 -9999 -10000 -9999 -10000 2.21920348405499 2.86789890204411 3.82209829790016 4.37826958579617 3.79997350161952 2.90142159408275 2.21920348405499 1.41098697371026 1.87180217690159 2.41591377830105 3.25424296870549 3.89792408104864 4.45782959808938 4.92071058656827 6.72166663561894 6.98100574072173 7.09174211509515 6.94601399109923 6.60665018619822 4.26829786934554 3.3178157727231 1.87180217690159 -0.105360515657826 -9999 -9999 -10000 -10000 -10000
-10000 -10000 -10000 -10000 -10000 -10000 -10000 -10000 -10000 3.55534806148941 4.10429489307527 -10000 -10000 -10000 -9999 -9999 -9999 -10000 -10000 -10000 -10000 -9999 -9999 -10000 -9999 -10000 -9999 -10000 -10000 -9999 -9999 -9999 -10000 -9999 -9999 2.4423470353692 2.90142159408275 3.03495298670727 2.90690105984738 2.45100509811232 -9999 -9999 1.6094379124341 1.87180217690159 2.04122032885964 2.90142159408275 3.8458832029236 4.37701409285034 4.6931810633108 6.48280149429011 6.55649422488748 6.43727153449952 4.26689632742025 3.52929738428947 2.46809953147162 1.22377543162212 -9999 -9999 -9999 -9999 2.4932054526027 2.64617479738412
-10000 -10000 -10000 -10000 -10000 -10000 -9999 -10000 -10000 -10000 -10000 -10000 -10000 -9999 -9999 -9999 -9999 -9999 -10000 -10000 -9999 -9999 -9999 -10000 -10000 -10000 -10000 -10000 -10000 -10000 -9999 -9999 -10000 -9999 -9999 -9999 2.21920348405499 2.27212588550934 2.19722457733622 -9999 -9999 -9999 -9999 1.41098697371026 1.54756250871601 1.41098697371026 1.64865862558738 3.3357695763397 3.85651029549789 4.16976120150686 3.99083418585244 3.78872478908365 3.32143241319329 2.47653840011748 1.58923520511658 -9999 -9999 -9999 -9999 -9999 -9999 -10000
-10000 -10000 -10000 -10000 -10000 -10000 -10000 -10000 -10000 -10000 2.26176309847379 -10000 -10000 -10000 -9999 -9999 -9999 -10000 -9999 -10000 -10000 -10000 -9999 -10000 -10000 -9999 -9999 -10000 -10000 -10000 -9999 -10000 -9999 -9999 -9999 -9999 -9999 -9999 -9999 -9999 -9999 -9999 -9999 -9999 -9999 -9999 -9999 1.25276296849537 1.87180217690159 2.54944517092557 2.66025953726586 2.51769647261099 1.88706964903238 1.22377543162212 -9999 -9999 2.31253542384721 2.39789527279837 2.29253475714054 -9999 1.75785791755237 2.06686275947298
-10000 -10000 -10000 -10000 -10000 -10000 -10000 -9999 -10000 -10000 1.91692261218206 -9999 -9999 -9999 -9999 -10000 -10000 -10000 -10000 -10000 -9999 -10000 -10000 -10000 -10000 -10000 -10000 -10000 -10000 -10000 -10000 -9999 -9999 -10000 -9999 -9999 -9999 -9999 -9999 -9999 -9999 -9999 -9999 -9999 -10000 -9999 -9999 -9999 0 1.22377543162212 1.6094379124341 1.1314021114911 0 -9999 -9999 2.484906649788 2.92852352386054 3.10009228887823 2.92852352386054 2.97552956623647 2.09186406167839 2.66025953726586
-10000 -10000 -10000 -10000 -10000 -10000 -9999 -10000 -10000 2.75366071235426 2.55722731136763 2.16332302566054 -9999 -9999 -10000 -10000 -10000 -10000 -10000 -9999 -10000 -10000 -10000 -10000 -10000 -10000 -10000 -9999 -9999 -9999 -10000 -10000 -9999 -9999 -9999 -9999 -9999 -9999 -9999 -9999 -9999 -9999 -9999 -9999 -9999 -9999 -9999 -9999 -9999 -10000 -9999 -9999 -9999 -9999 2.31253542384721 2.91235066461494 3.74242022104197 4.41400968052693 3.81330703248899 3.25424296870549 3.09557760852371 3.38439026334577
-10000 -10000 -10000 -10000 -10000 -10000 -10000 -10000 -10000 -10000 -10000 -10000 1.91692261218206 -10000 -9999 -10000 -9999 -10000 -9999 -10000 -10000 -10000 -10000 -10000 -10000 -10000 -10000 -10000 -10000 -10000 -10000 -10000 -9999 -9999 -9999 -9999 -9999 -9999 -9999 -9999 -9999 -9999 -9999 -9999 -9999 -9999 -9999 -9999 -9999 -9999 -9999 -9999 -9999 -9999 2.37024374146786 3.07269331469012 4.40671924726425 7.4599147662411 4.43911560165801 3.35340671782581 3.10458667846607 3.20274644293832
-10000 -10000 -10000 -10000 -10000 -10000 -10000 -10000 -10000 7.38770923908104 3.70622809244855 -10000 -10000 -10000 -10000 -10000 -9999 -10000 -10000 -10000 -10000 -10000 -10000 -10000 -10000 -10000 -10000 -10000 -10000 -10000 -10000 -10000 -9999 -9999 -9999 -9999 -9999 -9999 -9999 -9999 -10000 -9999 -9999 -9999 -9999 -9999 -9999 -9999 -9999 -9999 -9999 -9999 -9999 -9999 2.26176309847379 2.91777073208428 3.75653810258775 4.39444915467244 3.83514196109219 3.2846635654062 -10000 -10000
-10000 -10000 -10000 -10000 -10000 -10000 -10000 -10000 -10000 -10000 -10000 -10000 -10000 -10000 -10000 -10000 -10000 -10000 -10000 -10000 -10000 -10000 -10000 -10000 -10000 -10000 -10000 -10000 -10000 -10000 -10000 -10000 -9999 -9999 -9999 -10000 -9999 -10000 -10000 -9999 -9999 -9999 -9999 -9999 -9999 -9999 -9999 -10000 -9999 -10000 -9999 -9999 -9999 -9999 -9999 2.46809953147162 2.92316158071916 3.10458667846607 3.36729582998647 3.28091121578765 2.40694510831829 2.78501124223834
-10000 -10000 -10000 -10000 -10000 -10000 -10000 -10000 -10000 -10000 -10000 -10000 -10000 -10000 -10000 -10000 -10000 -9999 -10000 -10000 -10000 -10000 -10000 -10000 -10000 -10000 -10000 -10000 -10000 -10000 -10000 -10000 -10000 -10000 -10000 -9999 -9999 -9999 -9999 -9999 -9999 -10000 -9999 -9999 -10000 -9999 -9999 -10000 -10000 -9999 -9999 -9999 -9999 -9999 -9999 -9999 2.30258509299405 2.99573227355399 3.17387845893747 2.88480071284671 3.23867845216438 2.89591193827178
-10000 -10000 -10000 -10000 -10000 -10000 -10000 -10000 -10000 2.06686275947298 -10000 -10000 -10000 -10000 -10000 -10000 -10000 -10000 -10000 -10000 -10000 -10000 -10000 -10000 -10000 -10000 -10000 -10000 -10000 -10000 -10000 -10000 -9999 -10000 -10000 -10000 -10000 -10000 -10000 -9999 -9999 -10000 -9999 -9999 -10000 -9999 -10000 -10000 -9999 -9999 -9999 -9999 -9999 -9999 -9999 -9999 -9999 1.7404661748405 2.40694510831829 3.25037449192757 6.64950255055436 3.23867845216438
-10000 -10000 -10000 -10000 -10000 -10000 -10000 -10000 -10000 -10000 -10000 -10000 -10000 -10000 -10000 -10000 -10000 -10000 -10000 -10000 -10000 -10000 -10000 -10000 -10000 -10000 -10000 -10000 -10000 -10000 -10000 -10000 -10000 -10000 -10000 -10000 -10000 -9999 -10000 -9999 -9999 -10000 -9999 -10000 -9999 -10000 -9999 -10000 -10000 -9999 -9999 -9999 -9999 -9999 -9999 -9999 -9999 1.62924053973028 2.24070968927596 2.88480071284671 3.25809653802148 2.91235066461494
