data_gis/fral_60_popSize_highRes.asc
NCOLS 157 
NROWS 98 
XLLCORNER 84247.92649 
YLLCORNER -828428.80646 
CELLSIZE 20000 
NODATA_value -10000 
[rows 50 to 74 of 98, columns 0 to 54 of 157]
-10000 -10000 -10000 -10000 -10000 -10000 -10000 -10000 -10000 -9999 -9999 -9999 -9999 -9999 -9999 -9999 -9999 -9999 -9999 0.916290731874155 3.03013370027132 4.17592454921452 5.10715686108688 6.96696713861398 7.31455283232408 7.45529848568329 -10000 6.9071550989101 4.24992279404054 3.18221184049661 1.66770682055808 1.56861591791385 2.94968833505258 5.66365468356542 6.21520791849416 7.02286808608264 9.96062374390694 7.04664727784876 6.21660610108486 5.6774384993166 3.11794990627824 1.41098697371026 -0.510825623765991 -1.20397280432594 -1.6094379124341 -10000 -10000 -10000 -10000 -10000 -10000 -10000 -10000 -9999 -9999
-10000 -10000 -10000 -10000 -10000 -10000 -10000 -9999 -9999 -9999 -9999 -9999 -9999 -9999 2.58021682959233 2.70805020110221 2.61006979274201 -0.356674943938732 1.02961941718116 2.79728133483015 4.36054760299676 5.10412563718359 6.8870422373846 7.36960072052641 -10000 8.20001364817543 7.90174751852014 -10000 6.68110558833864 3.16968558067743 2.06686275947298 1.3609765531356 2.67414864942653 5.56337032093946 -10000 6.68336094576627 7.05875815251866 6.70674007974093 6.09244046444798 5.58424790596101 2.8094026953625 1.79175946922805 1.28093384546206 1.33500106673234 0 -10000 -10000 -10000 -10000 -10000 -10000 1.54756250871601 -10000 -9999 -9999
-10000 -10000 -10000 -10000 -10000 -10000 -10000 -9999 -9999 -9999 -9999 -9999 -9999 2.85070650150373 3.39114704580865 3.59731226058845 -10000 4.21508617991823 3.62966009445396 4.72650247115562 5.24702407216049 5.7410782593999 7.41336733569524 7.85399308722424 8.39253658681668 11.0996801695431 -10000 -10000 -10000 3.12236492448736 1.75785791755237 1.6094379124341 1.91692261218206 3.11351530921037 5.75066606055505 6.10924758276437 -10000 -10000 5.74268262361376 3.16968558067743 2.51769647261099 4.69134788222914 4.80729437007823 5.03370056702725 -10000 2.88480071284671 -10000 -10000 -10000 -10000 -10000 3.37073817417745 -10000 -9999 -9999
-10000 -10000 -10000 -10000 -10000 -10000 -10000 -9999 -9999 -9999 -9999 -9999 2.56494935746154 3.38099467434464 4.24420031776648 5.08326598513116 5.04600243793355 4.89933122453758 5.32154549266724 5.41698889626554 5.6811959759834 6.78784498230958 7.614312146452 7.9707403900071 8.29404964010203 8.50774873258824 -10000 -10000 6.74594198281953 -10000 1.64865862558738 0.587786664902119 -10000 1.93152141160321 2.84490938381941 -10000 -10000 -10000 -10000 2.41591377830105 4.90749453517674 5.2709461697519 5.57367378930918 5.52704529615615 -10000 3.64283551561253 -10000 -10000 -10000 -10000 4.70953020131233 4.70953020131233 4.12390336446365 3.01062088604774 -1.6094379124341
-10000 -10000 -10000 -10000 -10000 -10000 -10000 -10000 -10000 -9999 -10000 -9999 2.72785282839839 3.61899332664977 5.00930107108312 7.74889133725553 5.39089654784113 5.55295958492162 5.63728648336784 5.74939298590825 6.7392182771588 7.85709386490249 7.46450983463653 8.16223106548118 8.18367658262066 -10000 -10000 -10000 -10000 -10000 -10000 1.02961941718116 -10000 -10000 -10000 -10000 2.32238772029023 2.10413415427021 1.56861591791385 4.70048036579242 5.2517497307317 -10000 6.26225475188954 -10000 -10000 -10000 -10000 -10000 -10000 -10000 7.64969262371151 5.51342874616498 5.07579862000267 4.27666611901606 2.55722731136763
-10000 -10000 -10000 -10000 -10000 -10000 -10000 -10000 -10000 -10000 -9999 -10000 2.59525470695687 3.42100000895834 4.83786795010711 5.23962837019936 5.40762010143849 7.97968130238774 5.75066606055505 5.92985506547629 8.46273700562018 7.16162200293919 7.67971363996637 10.3724906814483 8.09529377684465 7.72797554210556 -10000 4.55492896955134 -10000 0.8754687373539 -10000 2.04122032885964 -10000 -10000 2.72785282839839 -10000 1.33500106673234 -1.6094379124341 0.741937344729377 4.77996347636125 5.41298444152616 -10000 9.34049105644123 6.40704498895724 8.17046857833067 -10000 -10000 -10000 -10000 -10000 8.17103418920548 7.81156848934518 5.6688459047753 5.04084113615332 3.70376806660769
-10000 -10000 -10000 -10000 -10000 -10000 -10000 -10000 -10000 -10000 -9999 -9999 -1.6094379124341 2.86789890204411 4.37701409285034 4.79330812810349 5.12396397940326 5.47938814144034 5.44198471636045 5.71009583671279 6.6527339887699 6.92853781816467 7.34665516317654 7.62803112693033 7.32646561384032 6.82914487840023 -10000 -10000 -10000 2.05412373369555 -10000 3.97781074596615 4.14630430115281 -10000 3.74478708605223 -10000 2.58021682959233 -10000 0.336472236621213 4.67934958416234 -10000 5.90645117278103 6.2889731803775 -10000 5.83012139669922 -10000 -10000 -10000 -10000 -10000 8.71538809736648 8.1426451859428 7.63675211243578 5.46086129573332 4.31748811353631
-10000 -10000 -10000 -10000 -10000 -10000 -10000 -10000 -10000 -10000 -2.30258509299405 0.641853886172395 1.6094379124341 2.14006616349627 3.13549421592915 4.22537282462851 4.44265125649032 4.10594369806545 4.93087032562739 5.18570842216538 5.35090981666721 6.52091563499714 6.81848681122395 6.88007570987539 6.81804936589764 6.52121005572648 -10000 3.93378449720966 2.90690105984738 3.66867674679642 4.62790967295758 5.07767069543241 6.4150969591716 6.48829266123012 6.35071118141453 4.48863636973214 3.74950407593037 -10000 1.30833281965018 1.45861502269952 -10000 5.38127888726238 -10000 5.92772570614098 5.77081787599236 -10000 -10000 -10000 -10000 12.0025294951834 9.02773877597491 8.29454951514368 7.72577144158795 5.60101119662026 4.49535531998088
-10000 -10000 -10000 -10000 -10000 -10000 -10000 -10000 -10000 -10000 -10000 2.40694510831829 3.17387845893747 4.68582808900555 4.76388187714291 -10000 3.48124008933569 3.30688670219091 3.46885603013597 4.12874598893943 4.53796143629464 4.94235645334296 6.20111750823969 6.47697236288968 6.52370913824727 5.78751069018691 5.58499893866623 5.15444699612833 4.50645421304893 4.87748478130875 5.47688187446428 6.7751377543673 7.08673793451058 7.1693500166706 6.98471632011827 6.56779697307609 4.66438204561994 -10000 2.28238238567653 1.68639895357023 3.42426265459315 5.63228647295113 -10000 6.47064469303843 6.11743618666992 -10000 -10000 -10000 -10000 -10000 8.73697108525415 8.15622332319462 7.64873978895624 5.4701676234747 4.50865928560725
-10000 -10000 -10000 -10000 -10000 -10000 -10000 -10000 -10000 -10000 2.81540871942271 3.72569342723665 5.15155598515263 5.41787660160568 5.46679351651994 5.24438902452248 4.84811636459848 2.484906649788 0.78845736036427 -10000 3.14415227867226 4.4188406077966 5.40941141405362 5.90753931217022 6.27457367958963 6.41116123746287 6.24746243529314 5.8996233434424 5.66780981419738 5.71241180135426 6.81618808545665 7.90322680873073 8.21554741194707 -10000 7.61035761831284 7.03614849375054 6.41460584022909 4.46590811865458 3.41444260841218 -10000 5.4743693103284 -10000 -10000 7.24351297466548 7.13009851012558 -10000 -10000 -10000 -10000 -10000 8.19007704971905 7.82284529027977 5.69675785971924 5.10230248262208 4.4236483093647
-10000 -10000 -10000 -10000 -10000 -10000 -10000 -10000 1.06471073699243 -10000 3.8308129500026 5.24807615011129 6.52649485957079 6.7729659526335 6.81300494243633 5.8847141771611 5.30429943822558 4.65776263610726 1.93152141160321 1.16315080980568 3.46885603013597 4.8629083820668 5.82953367996176 6.47958433333833 7.88683299895506 8.79224584746788 7.9287663216267 6.57214267277281 6.22158371215862 6.22614133423586 7.87777633327726 8.30226579487337 8.64417820317073 10.5639307399229 8.40827078419205 7.29641326877392 6.63358155655515 5.41698889626554 4.99450591216637 5.73818390137353 -10000 -10000 7.87054784450771 9.09560269450576 9.14066869872686 -10000 -10000 -10000 -10000 -10000 7.66058546170326 5.54204755147063 5.10897119481712 4.63278535302106 4.58292457704077
-10000 -10000 -10000 -10000 -10000 -10000 -10000 -10000 -10000 3.43720781918519 4.54435804659133 6.59139934594575 6.99209642741589 7.25063551189868 9.01164550106428 6.94601399109923 5.60800551926243 4.92942523867071 2.65324196460721 2.63905732961526 4.23410650459726 5.42186155263949 6.36543898812478 8.00869818298853 8.39366870513074 8.54130026675947 8.41582469702795 8.11252776347864 6.70085410321379 7.4599147662411 8.14583961293684 8.64417820317073 8.98180732337753 8.86418136976543 8.47365918939251 7.9098566672694 6.82957749791811 5.73947131706471 5.8406416573734 -10000 -10000 8.0702808933939 9.57241073443182 9.8492953234527 9.939626599152 -10000 -10000 -10000 -10000 -10000 4.72561633906396 4.88052660874924 4.60816569496789 4.54116485601218 4.90601524496615
-10000 -10000 -10000 -10000 -10000 -10000 -10000 -10000 -10000 -10000 6.22138508270122 6.91968384984741 7.4301141385618 7.77191025643576 7.52617891334615 7.08924315502751 6.53727113976922 5.01529110563245 2.91777073208428 3.29583686600433 4.73356340075649 5.81978615041251 7.77653502818524 8.36380888451688 8.87738195465477 9.24532134087143 8.92956770782534 8.47052078321781 7.97693875695943 7.61134771740362 8.07371464110986 8.82614739914356 11.310943910708 8.89398443893979 8.38526052015541 7.8898337513943 6.26928565971289 6.06610809010375 6.56653177293544 7.23993259132047 -10000 9.55236857416808 9.99738764772918 10.3470188614507 10.5745936022192 -10000 -10000 -10000 -10000 -10000 -10000 4.79247928429309 5.06386005533355 5.21057845224003 5.42141956368202
-10000 -10000 -10000 -10000 -10000 -10000 -10000 -10000 -10000 4.05871738457895 6.30773407641168 6.89436604186312 7.74109909003537 10.3711133569959 7.7332456465298 7.10167597161944 6.5867232268488 4.22097721315547 2.87356463957978 3.58073729549423 4.86368088113959 5.85993115714613 7.89095671613892 8.49433389727015 9.23649532945303 11.7186623962689 9.30982365046113 8.60739945930239 -10000 -10000 -10000 8.40760151478614 8.78553952756128 8.5440298453698 8.10107150311954 7.44833386089748 6.18435505525117 6.37638675398482 8.86375719160424 7.60389796852188 8.68929604801586 9.742496866444 10.2391022787432 10.698717382415 12.909355783278 -10000 -10000 -10000 -10000 -10000 -10000 -10000 6.16436688198544 6.28711478920894 6.10924758276437
-10000 -10000 -10000 -10000 -10000 -10000 -10000 -10000 2.46809953147162 3.79548918917219 6.18208490671663 6.75460409948796 7.23993259132047 7.70436116791031 7.37775890822787 6.92264389147589 -10000 -10000 -10000 3.14415227867226 4.73532087045314 5.70744243548769 7.80220931624712 8.36124088964235 -10000 9.31226499169811 8.9743648418466 8.52436739516424 -10000 -10000 -10000 -10000 8.01400499477946 7.85127199710988 7.50988306115491 6.21460809842219 6.01444838349836 6.35610766069589 7.17625453201714 8.1656479252975 9.00565049932022 9.8453816311291 10.2633972589848 12.0529272935248 10.9477668438779 -10000 -10000 -10000 -10000 -10000 -10000 -10000 8.31434234336979 7.28550654852279 6.97634807044775
-10000 -10000 -10000 -10000 -10000 -10000 -10000 -0.356674943938732 1.77495235091167 3.19867311755068 4.33990170837321 6.38249260741838 6.75495368872417 6.89396056795995 6.77090409623294 6.43117003837085 -10000 -10000 -10000 -10000 4.23265617801961 5.24227597566441 6.20111750823969 8.00202481821611 8.43424627059531 8.61776224633793 8.52951694110507 8.21608809863232 -10000 -10000 5.55914198482994 7.25347038268453 7.36518012602101 7.27239839257005 5.92612570579964 5.66953603592761 5.99844016084441 6.77308037565554 7.97108575350561 8.97689392766608 9.48174061185368 9.70619447981203 10.0985607932552 10.3023307843354 10.2883417067402 -10000 -10000 -10000 -10000 -10000 -10000 -10000 9.51458453272694 9.02208122251547 7.83042561782033
-10000 -10000 -10000 -10000 -10000 -10000 -10000 -10000 -10000 -10000 -10000 4.7397010789457 6.22535019495409 6.30846267389382 6.21200471255208 4.36182392735636 -10000 2.31253542384721 -10000 0.336472236621213 -10000 4.79164975293071 5.48521178518713 6.45441209062951 7.96102146588337 8.13094230223188 8.12088602109284 6.88826660239828 6.21740418572419 -10000 4.47163879336357 5.0619619212616 5.40806823050716 5.51504035005932 5.63336001035966 5.82865145670207 6.49737812651295 7.77779262633883 -10000 -10000 9.66732208287005 9.81678521869683 9.78233635097198 10.0367501590409 9.76841211133904 9.58217975243469 -10000 -10000 -10000 -10000 -10000 -10000 10.4338510626752 10.0080277318101 9.33105244713845
-10000 -10000 -10000 -10000 -10000 -10000 -10000 -10000 -10000 4.6737629774537 -10000 5.09558899997642 -10000 4.31348009213877 -10000 -10000 2.29253475714054 0.78845736036427 -10000 -10000 1.30833281965018 3.7796338173824 4.86676492367655 5.83305481036034 6.35628125673834 -10000 9.24396855295617 -10000 5.85105239339124 5.15444699612833 -10000 -10000 4.65109911787649 5.36223069229169 7.41577697541539 6.49511448712488 7.17548971362422 -10000 -10000 9.83290413108067 11.321389586402 9.88302971063373 9.70503661381229 9.47131906159341 8.92132407651127 8.58914169072882 -10000 -10000 -10000 -10000 -10000 12.6859214020756 11.1079002600904 10.7012649821742 10.1023384112813
-10000 -10000 -10000 -10000 -10000 -10000 -10000 -10000 5.37063802812766 -10000 5.68595788974365 5.42053499927229 5.23110861685459 4.63569939102291 -10000 1.82454929205105 0.916290731874155 -9999 -10000 -9999 -10000 1.7404661748405 3.57515068878559 5.28927662189589 5.79026593454434 -10000 6.42584099871057 6.05185384712077 5.42890693625164 4.77996347636125 2.02814824729229 3.19458313229916 4.57574137529728 5.49058925419516 6.34335305431275 7.08673793451058 8.4368504387337 9.31910508676757 9.71232704707497 9.9876908238182 12.1354194679261 9.97706324019445 9.47408829413233 9.26359673827661 8.90408691393897 8.95156964301882 -10000 -10000 -10000 -10000 -10000 12.9687575491185 12.5963225878319 11.2091004603613 10.6602900518252
-10000 -10000 -10000 -10000 -10000 -10000 -10000 -10000 6.05279480225959 8.20248244657654 8.25660734462616 8.11999382772511 5.54322240964376 -10000 4.32413265625498 2.4423470353692 -9999 -10000 -9999 -9999 -10000 0.262364264467491 1.68639895357023 -10000 5.11799381241676 5.45361025095407 5.51785442226813 5.30330490805908 4.8941014778403 -10000 0.641853886172395 -10000 4.77912349311153 -10000 6.82285077189169 8.41913925094085 8.86559399890272 9.48151189230097 9.76025208444937 9.98109653186311 9.91896712338451 9.6513656554829 9.42011495555144 9.28061242496151 9.22926025682869 9.72889604180408 10.2500869077773 -10000 -10000 -10000 -10000 13.3724526109962 12.8948879570789 12.4184827994746 11.1108496068601
-10000 -10000 -10000 -10000 -10000 -10000 -10000 6.30919074090814 -10000 -10000 8.83258770243455 8.68440111040014 -10000 -10000 4.57367951889672 3.43720781918519 -10000 -9999 -10000 -10000 -10000 -10000 0.693147180559945 -10000 -10000 4.71760561531788 4.79164975293071 4.70862889435632 1.88706964903238 0.693147180559945 2.11625551480255 3.36729582998647 5.03500265054455 -10000 8.16280135349207 8.73133636053315 9.26964647787359 9.58809164151683 9.76077125033453 9.73843600690713 9.62085935438703 9.34940642009918 9.13183814382123 9.08239335764556 9.81252291716203 10.2176411421937 11.805386101875 -10000 -10000 -10000 15.8662818837428 13.5885672968875 13.015210144678 12.5109141492288 11.0849232944034
-10000 -10000 -10000 -10000 -10000 -10000 -10000 -10000 8.81714962474341 9.32402613638 -10000 -10000 -10000 8.06557942728209 4.66908351173174 3.67376581630389 3.06339092202781 -9999 -10000 -10000 -10000 4.35926964755127 -10000 4.34639945703073 -10000 -10000 1.38629436111989 1.28093384546206 0.262364264467491 1.85629799036563 2.32238772029023 3.80220813942094 5.19794439240125 6.2709884318583 -10000 8.81729778386658 9.47922181496425 11.8756570304915 9.56163084563808 9.45610610132667 9.18799250831228 8.87514731685335 8.49739856408806 9.09952053687094 11.0996801695431 10.3902868416993 10.9090886832893 12.5045722469675 13.4007448328932 13.4200636001917 13.6120470774169 13.3309860086177 12.9060315733724 12.4374144987413 10.9594184802442
-10000 -10000 -10000 -10000 -10000 -10000 9.39441039930425 -10000 -10000 9.65771488316156 12.4203611059969 -10000 -10000 8.15908865466791 4.39444915467244 3.71113006304876 3.08190996979504 -9999 -10000 -10000 4.56330598188939 -10000 -10000 4.90453376321371 -10000 -10000 -10000 -10000 -10000 1.85629799036563 2.46809953147162 -10000 6.73340189183736 -10000 8.11671562481911 8.77477681604399 9.17998425196128 9.45289431681022 9.23386156701753 8.81936971001847 8.44139147799996 7.9229859587112 8.17919979842309 8.67077227934454 9.44888471986641 10.1808162129084 10.8994947850379 11.3560143118734 12.6823658289969 12.963641934202 13.0732508612851 12.9812950821217 12.6245066264166 11.3617536771685 10.6320018769334
-10000 -10000 -10000 -10000 -10000 -10000 -10000 -10000 -10000 9.37661723160128 9.65432081631268 -10000 -10000 -10000 3.97217692824789 3.4307561839037 2.23001440015921 -10000 -10000 -10000 -10000 5.52784052482629 5.87436877523173 -10000 4.90749453517674 -10000 -2.30258509299405 -10000 -10000 1.82454929205105 2.2082744135228 3.45315712059287 -10000 5.76173686791676 6.5883761197871 8.27078101316267 8.62065189978447 8.76436572052981 8.66595796468135 8.36053938137086 7.18083119904456 7.0335064842877 7.69348164083518 8.19836438996762 8.69265796074698 9.59315078951954 10.4146631150664 10.947238786413 11.3838526893527 12.4817631051296 12.5646592610598 12.4630686806496 11.3759137372853 10.8116049737211 10.0894275548528
-10000 -10000 -10000 -10000 -10000 -10000 5.53496926788704 -10000 -10000 -10000 -10000 -10000 -10000 5.21275947818639 3.98713047791495 2.43361335540045 -9999 -2.30258509299405 -10000 -10000 5.10473261747537 5.94594403180617 9.19471899107323 -10000 -10000 -10000 -10000 -10000 -10000 -10000 1.96009478404727 2.47653840011748 -10000 5.07016127341028 5.93410022971841 6.55592572003988 8.03203531439882 8.1426451859428 8.07121853996986 6.75809450442773 6.48829266123012 6.29378889629663 6.58603371430683 7.64156444126097 8.15162164696975 8.64909826229618 9.49942146534167 10.3310728617284 10.8218561242052 11.104114766611 11.1387264387361 11.0008490593026 10.6638026069541 10.1074075088826 9.32188174670909
