data_gis/fral_80_popSize_lowLoss.asc
NCOLS 157 
NROWS 98 
XLLCORNER 84247.92649 
YLLCORNER -828428.80646 
CELLSIZE 20000 
NODATA_value -10000 
[rows 50 to 74 of 98, columns 58 to 115 of 157]
3.54961738678043 3.01062088604774 -9999 -10000 -10000 -10000 -10000 -10000 -10000 -10000 -10000 -10000 5.72162239278453 -10000 -10000 -10000 7.8811822022271 8.27563105457801 8.07246736935477 7.66669020008009 5.72847508724657 4.60015764416455 -10000 6.66771985999771 2.2082744135228 -10000 -10000 -10000 -10000 -10000 -10000 -10000 -9999 3.65583960003574 -10000 5.32641879665891 5.75890177387728 5.33753807970132 -10000 -10000 -9999 0.182321556793955 0.693147180559945 1.45861502269952 2.34180580614733 5.06638530920075 5.60101119662026 5.73431167969102 5.17953383055807 4.71312732749318 4.80892702350211 5.23431203657212 5.11259001661925 7.71333788887187 4.64727136200673 -10000 -10000 -10000
2.70805020110221 -9999 -9999 -10000 -10000 -10000 -10000 -10000 -10000 -10000 7.34342622914737 -10000 -10000 -10000 8.32360844234357 8.91193433616143 9.37305428246393 9.38572123109081 9.13970329237674 8.65119947126397 7.89207842124812 5.5834963087817 4.13836144763888 -10000 -10000 -10000 -10000 -10000 -10000 -10000 -10000 -9999 -9999 3.7796338173824 4.73444252169223 5.72717342744678 9.71057005652877 5.75384167452894 4.74666974826179 3.78191432008113 0.262364264467491 1.43508452528932 4.20916023665068 4.38949864951258 4.42843300748804 3.97029191355212 6.20556735377004 6.40918755261165 6.39158204888955 5.31811999384422 5.52704529615615 9.07325983142782 5.3626996254773 4.93231332732079 6.82056206727976 7.93880224815448 -10000 -10000
-9999 -2.30258509299405 -1.20397280432594 -10000 -10000 -10000 -10000 -10000 -10000 -10000 11.1417168455402 -10000 7.77737360265786 8.65834547117212 -10000 11.1744412055881 11.3201534923014 11.2566516162115 10.1673506931274 9.72645200017141 8.58988587680968 -10000 -10000 -10000 -10000 -10000 -10000 -10000 -10000 -10000 -1.6094379124341 -9999 -9999 3.6454498961866 4.51415078760092 5.32884657158286 5.75732324158423 5.31566600488265 4.50202942706858 3.71357206670431 1.38629436111989 4.49869794147757 5.04857313343665 5.30280727182089 5.29781724150635 6.59235936796284 6.97914527506881 7.30988148582479 7.27862894232068 6.94985645500077 5.88415769411947 5.78996017089725 4.98634260152721 4.51085950651685 4.34510328056928 3.98898404656427 3.28840188751681 -10000
-9999 -0.510825623765991 4.74666974826179 -10000 -10000 -10000 -10000 -10000 -10000 -10000 7.54486106865846 -10000 -10000 9.50955568024164 11.4147722475618 11.9004506099457 12.0629871863865 11.9682024373567 12.9937865477798 10.3652699801228 -10000 -10000 -10000 -10000 -10000 -10000 4.98770778945255 -10000 4.9781121023907 4.45550941143368 0.641853886172395 -2.30258509299405 -9999 -9999 -10000 4.50976000118343 4.99043258677874 4.86599480426999 4.43793426661218 0.587786664902119 4.18965474202643 5.0401940963378 6.86880652884356 6.28376095711051 6.7039240387003 7.12286665859908 7.79811262882979 8.34307787116938 9.66287988747028 7.50494206839617 6.89020211973455 5.79179335197891 5.15560106434644 4.21508617991823 3.26575941076705 2.94968833505258 2.55722731136763 1.80828877117927
-0.693147180559945 4.47733681447821 5.29129275161107 -10000 -10000 -10000 -10000 -10000 -10000 -10000 7.50163445788341 -10000 -10000 11.2358139930108 -10000 12.5593212261847 12.9259542551927 12.5818651782582 11.95867482304 -10000 -10000 -10000 4.4496852831477 2.50959926237837 4.31214050720972 4.97466263363744 5.76205138278018 6.20859002609663 5.75858626669687 5.00461722177069 4.16511363311031 -0.105360515657826 -9999 -9999 -9999 4.38077585277223 4.67934958416234 4.76131886847802 4.00733318523247 3.50254987592244 4.32941668440158 5.2486017743021 6.26833842084316 10.0154760544842 7.05272104923232 7.45645455517621 8.4595640785796 11.5895531172051 8.68135077758252 7.91971976092457 7.45356187164337 6.47419929070745 5.399519247057 6.83313948560135 2.83907846350861 2.2082744135228 -10000 -10000
1.97408102602201 4.70501552095781 5.47938814144034 -10000 10.4818690157529 6.51796665025898 -10000 -10000 -10000 -10000 8.35184673882824 9.30555963855712 -10000 11.9493464571988 12.3993135354901 12.9274379241641 15.7198634720382 12.9236611876074 12.060989068341 -10000 -10000 7.33432935030054 5.14107859012155 3.56953269648137 4.57057874121847 5.26579417484248 6.17107409639846 10.0439883523237 6.22396419334622 5.22197613329131 4.31481788498043 -10000 -9999 -9999 3.04452243772342 4.0342406381524 4.79744207363521 5.22682136484297 4.81624115606803 4.05352256770185 4.68213122712422 5.22682136484297 6.06099060975659 6.63160644234403 7.09920174355309 7.82843635915759 8.52694548285892 8.9557061535706 9.99328255165234 8.53149049611706 10.020559224122 7.01929665371504 5.96409335031185 4.69592454925656 -10000 -10000 -10000 -10000
2.92316158071916 4.65681341913993 -10000 -10000 -10000 6.04855351409211 -10000 -10000 -10000 -10000 -10000 11.2454772993493 -10000 12.3493024808511 12.5493041297387 12.808838230835 12.9177594011696 12.5280619373634 11.8508965777152 11.0818809762091 8.70913499158718 7.22329567956231 5.45403824154481 4.34639945703073 4.73356340075649 5.13873529672357 5.76707021389212 6.20778487307407 5.77330853730481 4.98907111618042 -10000 -0.356674943938732 -9999 -9999 3.25424296870549 4.25277179881662 5.23271160945004 9.24057855503679 5.26527751246984 4.48525988931553 4.51305489708029 5.54478674316574 6.43020323197907 7.11558212618445 7.92696354486298 8.66492330344057 9.16617947619041 9.40508444876869 9.2794932306645 8.93128762622246 8.47365918939251 7.71512360363211 6.7629606940789 5.33513133967075 -10000 -10000 -10000 -10000
3.9963641538619 3.61361696961339 -10000 -10000 5.46425544409147 5.27607175760072 4.76217393479776 -10000 -10000 -10000 -10000 11.7264226392326 12.4411882450254 12.8220255577586 -10000 12.5189691456227 12.3759926196064 11.8743063187257 11.3626721804217 9.38723053877293 8.21419441485256 6.8048362249743 -10000 8.24328252304838 4.10429489307527 4.71043069664558 5.06259503302697 5.19295685089021 5.01727983681492 4.46475803227135 0.641853886172395 -2.30258509299405 -9999 -9999 3.04927304048202 4.06560209335645 4.85359154448657 5.29028519485077 4.99991133073328 5.6436785505865 6.0318864616069 6.79682371827486 7.66622192566273 8.51479030679993 9.20823816388431 9.68190528178887 9.9433811161978 11.6856427143713 11.0994836271762 11.1384937994422 10.9759953991181 8.50187648730434 -10000 -10000 -10000 -10000 -10000 -10000
8.14844566624324 5.61749810605919 5.31172705345795 4.68213122712422 4.62790967295758 4.47847253294213 -10000 5.54165562514777 -10000 -10000 11.0894083962543 11.9111443827394 12.7835479977664 15.6358236318354 12.8138253230732 12.3373947244174 11.9226282481035 11.2312652248369 9.61219898449024 8.67539280608978 -10000 -10000 4.39814601655377 4.13995507347415 3.62167070442049 2.89037175789616 4.30945594183905 4.29864502573483 4.16200321069592 0.741937344729377 -1.20397280432594 -9999 -9999 -9999 0 3.56388296393925 4.19720194766181 4.58087749341905 5.77299754367767 6.37570601876452 7.18765716411496 8.14322675036744 9.06693178868083 9.77292318251501 10.3377992352019 10.6322672857248 11.3654574066068 11.9861675946081 12.1543318826225 11.9818159749285 -10000 -10000 -10000 -10000 -10000 -10000 -10000 -10000
6.21660610108486 6.30718727971528 6.11035807704839 5.63157014054228 3.37073817417745 0.955511445027436 -10000 5.60064171573669 -10000 8.62640627638955 10.9303710877458 11.6876095974127 12.379403910486 12.7837332141333 12.4408324659841 11.7890181390312 11.1308741032711 9.6126003491354 -10000 -10000 -10000 -10000 3.35340671782581 3.00568260440716 2.68784749378469 2.19722457733622 1.77495235091167 1.91692261218206 1.77495235091167 -2.30258509299405 -9999 -9999 -9999 -0.356674943938732 0.641853886172395 1.79175946922805 3.82209829790016 5.43677410969505 6.26795927391919 7.2868764117507 8.36985260351753 9.2568422056276 10.0870167132162 11.2863008618194 11.9355688447311 12.5580244529998 12.7595755017977 12.8109786022397 -10000 -10000 -10000 11.7881755798789 -10000 -10000 -10000 -10000 -10000 -10000
6.83432400089625 7.2848209125686 6.84556067538902 6.1426823588506 5.45489367359013 3.45946628978613 2.41591377830105 4.95300618125962 6.77878489768518 8.09346227450118 9.15408743042538 11.175170405884 11.6823137463523 11.9074239926852 11.7622590437747 11.2893943385585 9.50977807543882 -10000 -10000 -10000 -10000 2.31253542384721 1.98787434815435 2.05412373369555 1.94591014905531 1.87180217690159 2.42480272571829 2.70136121295141 2.45958884180371 1.91692261218206 -9999 -9999 -9999 1.58923520511658 2.06686275947298 2.70805020110221 6.82187053982497 5.6046985164323 6.7093043402583 8.09681747057232 10.8904231239796 10.0960069343065 11.4499004645488 12.3168042112398 12.9767894782813 13.2325227600589 13.4706343063271 -10000 -10000 15.9171269110853 13.1364220889753 -10000 -10000 -10000 -10000 -10000 -10000 -10000
7.32843735289516 10.9333033789991 7.33106030521863 6.49011636994226 5.78351744267505 4.55702981066016 4.23410650459726 4.25561270981822 5.85220247977447 -10000 8.33254893925264 9.13507788747564 10.9442588415144 -10000 -10000 -10000 -10000 -10000 -10000 -10000 1.48160454092422 -9999 -9999 -9999 1.58923520511658 2.46809953147162 3.3357695763397 3.83945231259331 3.35340671782581 2.4423470353692 1.58923520511658 -9999 1.48160454092422 2.26176309847379 2.55722731136763 2.89037175789616 3.77045944110636 5.68799178874988 7.12447826249342 8.49494758246892 9.77854771798028 11.2018792304801 12.3753300702866 13.1093308213716 13.6534820964027 13.853086650239 14.0410400606314 15.7574337697371 13.7600898099787 13.484121778652 -10000 -10000 -10000 -10000 -10000 -10000 -10000 -10000
6.84917232154984 7.31654817718298 6.98286275146894 9.08398318309966 6.16436688198544 5.32203389316535 4.95300618125962 5.31123359181458 -10000 6.40158546675234 7.22183582528845 7.99226864327075 -10000 -10000 -10000 -10000 -10000 -10000 -10000 -9999 -9999 -9999 -9999 -9999 1.75785791755237 2.69462718077007 3.81990771652034 8.05388708361822 3.85439389259151 2.71469474382088 1.75785791755237 1.16315080980568 2.05412373369555 2.91777073208428 3.4904285153901 3.27336401015227 3.8649313978943 5.54868690411584 7.4265490723973 8.78523362361273 9.95446579730076 11.800912490919 12.6715410059741 13.4437712860947 15.558784366657 15.6874447261546 15.7833759178054 14.0058325259511 -10000 -10000 -10000 -10000 -10000 -10000 -10000 -10000 -10000 -10000
6.17274389432349 6.39375796405051 6.41803861842638 6.39676297465905 6.42600290270185 6.93925394604151 6.6697518647609 -10000 -10000 5.7623657987551 6.19011046682179 6.54001938768398 -10000 -10000 -10000 -10000 -10000 2.45958884180371 -9999 -9999 -9999 -9999 -9999 -9999 1.58923520511658 2.4932054526027 3.36384159511839 3.8264651170665 3.36729582998647 2.45100509811232 1.6094379124341 1.33500106673234 2.37954613413017 3.47506723022861 7.67878899819915 3.62966009445396 3.96840333886425 5.84412395920927 7.48661331313996 8.94089106778546 10.8589028390943 11.9629304477093 12.8302180259919 13.4858071609723 13.7666910433641 13.9740695070792 13.8686901222257 -10000 -10000 -10000 -10000 -10000 -10000 -10000 -10000 -10000 -10000 -10000
5.49017662782248 5.9427993751267 6.03164633674081 6.54893517869702 6.98749024700099 7.25770767716004 9.54702687135578 7.10987946307227 6.76711294917967 6.30023518438963 -10000 -10000 -10000 -10000 -10000 -10000 -9999 -2.30258509299405 -2.30258509299405 -2.30258509299405 -9999 -9999 -9999 -9999 -9999 1.87180217690159 2.4932054526027 2.72785282839839 2.45958884180371 1.85629799036563 -9999 1.43508452528932 2.32238772029023 3.1267605359604 3.66867674679642 3.31054301339402 3.8649313978943 5.9633222411617 7.48099216286952 8.8685540405312 10.9100759223911 11.723478082105 12.7743281462867 15.3163010030732 13.4458140574976 -10000 -10000 -10000 -10000 -10000 -10000 -10000 -10000 -10000 -10000 -10000 -10000 -10000
4.28771595520264 8.3150770072941 6.22929964716518 6.92657703322272 9.54187185170622 7.9098566672694 7.650168700845 7.44949800538285 10.540328896885 -10000 -10000 -10000 -10000 -10000 -10000 -9999 -0.510825623765991 4.23555473077362 4.37826958579617 4.24849524204936 -0.22314355131421 -2.30258509299405 -9999 -9999 -9999 -9999 1.6094379124341 1.75785791755237 1.58923520511658 -9999 -9999 -0.916290731874155 1.98787434815435 2.81540871942271 6.49707660382109 3.16124671203156 3.80888224650863 5.7984864101255 7.24850407237061 8.56178407474411 10.6592808397463 11.4522302156597 12.167534499375 12.8170250126306 12.7296466621183 12.847078804062 -10000 -10000 -10000 -10000 -10000 -10000 -10000 -10000 -10000 -10000 -10000 -10000
3.8264651170665 4.84497417819541 6.14246742064451 7.51043055637801 7.79069603117474 11.2767979860977 -10000 -10000 -10000 -10000 -10000 -10000 -10000 -10000 3.63495111208838 3.58073729549423 4.57161340245925 5.07392303333217 5.29481122721875 5.07329705522097 4.85437127162159 3.28840188751681 3.05870707271538 -9999 -9999 -9999 -9999 -9999 -9999 -9999 -9999 -0.916290731874155 1.19392246847243 3.10009228887823 3.69137633431252 3.92986292355648 4.18509892549057 5.62184909189352 6.86974183678392 8.22523532410167 10.0104118448576 10.9408093727611 11.4544591373603 11.6894301364426 11.6095801950071 11.3012780787944 -10000 -10000 -10000 -10000 -10000 -10000 -10000 -10000 -10000 -10000 -10000 -10000
3.05400118167797 3.66356164612965 5.87436877523173 6.55933191124117 7.21817683840341 7.66902828858968 -10000 -10000 -10000 -10000 -10000 -10000 -10000 4.38825718442452 4.59107126160859 5.11559572973274 5.39226297939056 5.88248638453824 6.31191628088919 5.99246404744107 5.40582557426332 5.00595770454514 3.98713047791495 3.32862668882732 -9999 -9999 -9999 -9999 -9999 -9999 -9999 1.1314021114911 3.17805383034795 4.10923317471585 5.26785815906333 5.84614971594312 6.21080086007924 6.2363695902037 6.95939851213398 7.80261806344267 8.78523362361273 9.35192673603805 10.6845311350023 10.8467122856504 10.7537239483388 9.47654341275084 -10000 -10000 -10000 -10000 -10000 -10000 -10000 -10000 -10000 -10000 -10000 -10000
2.29253475714054 2.79116510781272 3.42100000895834 -10000 6.40407076336751 6.59331846922154 6.3216671707156 6.06865704293789 -10000 -10000 -10000 3.71357206670431 4.49980967033027 5.16820868120102 5.59433956327482 5.93753620508243 6.04595273239205 6.5725622238593 10.1485491391513 6.44110601754898 5.80904298531369 5.64932628886014 4.76302827060367 3.94545778151438 3.00071981506503 -9999 -9999 -9999 -9999 -9999 1.06471073699243 3.17805383034795 4.42124734782716 6.02610749055152 6.9177056098353 7.43779512167193 7.58578882173203 7.50933526601659 7.48324441607385 7.64730883235624 8.32457884513685 11.4158857904517 8.96533457380484 8.90774768678865 8.85808422219916 8.37262974022488 -10000 -10000 -10000 -10000 -10000 -10000 -10000 -10000 -10000 -10000 -10000 -10000
-10000 -10000 -10000 2.79728133483015 5.54361372250338 -10000 -10000 1.85629799036563 0.641853886172395 0.336472236621213 0.693147180559945 3.93769075217672 6.76757324838227 5.63121178182137 9.51745735706657 6.35888158757862 6.31644240430346 6.46738811886471 6.59455024929927 6.11743618666992 5.89660426608402 9.21074029199751 5.18458860121969 4.15261347034608 3.16547504814109 -9999 -9999 -9999 -9999 0.0953101798043249 2.70136121295141 4.30000279919529 6.27683144160232 7.40610338123702 8.66785206770135 8.6909784171879 8.85037430393924 8.72306850116393 9.53712295804988 7.8770178956224 7.83042561782033 8.28526113406895 7.98548435673382 7.74630066223144 7.47929963778283 6.79020971512709 -10000 -10000 -10000 -10000 -10000 -10000 -10000 -10000 -10000 -10000 -10000 -10000
1.28093384546206 3.71357206670431 -10000 4.26549281841793 -10000 -10000 1.45861502269952 -10000 -10000 -0.916290731874155 0.470003629245736 3.72569342723665 4.49758497530815 5.64438626469954 6.21520791849416 6.44730586254121 6.7854746442733 6.52649485957079 6.13729499531952 5.83158917914386 5.45617545116362 5.19240114095649 4.76046307039413 3.92395157629342 3.01062088604774 -9999 -9999 -9999 -9999 1.68639895357023 3.68386691229039 5.96512057176838 7.28961052145117 8.36846113761584 9.19156521664985 10.8722189203497 11.0099191902564 10.868473205949 9.14644164612595 8.35490952835879 7.84932381804056 7.1785454837637 6.90284323462112 6.68523653243677 5.77579301063247 -10000 -10000 -10000 -10000 -10000 -10000 -10000 -10000 -10000 -10000 -10000 -10000 -10000
-10000 -10000 -10000 -10000 4.67282883446191 -10000 -10000 -10000 -10000 -10000 -10000 0.741937344729377 -10000 5.27556037942542 5.89495364672714 6.62459629525794 10.2985318858164 6.8302260764729 6.25785914041651 5.89797770401452 4.19569705648239 4.19268046294296 3.94352167248752 3.31054301339402 -9999 -9999 -9999 -9999 -0.105360515657826 2.70805020110221 5.10412563718359 6.62180503937511 8.06746266701006 9.16293424957891 11.1614512594307 11.7074308301458 11.8287284131387 11.6446377039376 11.1244207134369 8.9274468162562 7.82923253754359 6.80461452006262 5.96614673912369 4.4188406077966 3.92197333628131 -10000 -10000 -10000 -10000 -10000 -10000 -10000 -10000 -10000 -10000 -10000 -10000 -10000
4.8146204101703 -10000 -10000 -10000 -10000 -10000 -10000 -9999 -10000 -9999 -9999 -10000 -10000 4.87748478130875 5.70244825164306 6.31173480915291 6.82708737591468 6.60055054004149 6.32740092589731 5.89330029832075 5.24227597566441 3.3603753871419 3.05870707271538 -9999 -9999 -9999 -9999 -9999 0.741937344729377 3.11794990627824 5.23057371446152 7.1777824161952 8.57508466983201 10.9037517181865 11.6420659817933 12.3318150324547 12.7346487924662 12.3660889460628 11.6453912900793 -10000 7.99395754757357 -10000 -10000 3.40452517175483 6.72707237885669 -10000 -10000 -10000 -10000 -10000 -10000 -10000 -10000 -10000 -10000 -10000 -10000 -10000
5.00930107108312 5.96742796927974 9.8254178971142 9.086702731518 5.6164073951712 4.67656018207476 -10000 -10000 -9999 -9999 -10000 -9999 -1.20397280432594 4.05871738457895 5.3958976948869 6.17815156141158 6.4961714898658 6.77101875540867 6.93828448401696 6.34686367754266 5.54907608489522 4.74753742727501 -0.510825623765991 -9999 -9999 -9999 -9999 -9999 1.09861228866811 3.06805293513362 5.63371760020791 7.3178761986265 8.71931737550637 -10000 11.8642581644983 12.7349847189192 15.5881750394602 12.7928337847606 -10000 -10000 7.80220931624712 5.66919102988658 -10000 -10000 2.07944154167984 -10000 -10000 -10000 -10000 -10000 -10000 -10000 -10000 -10000 -10000 -10000 -10000 -10000
4.8146204101703 5.58762312011592 6.0728140928043 -10000 5.30925730658637 -10000 -10000 -10000 -10000 -10000 -10000 -9999 3.65842024662923 4.4818719696436 5.27709373009641 6.34176924403887 6.51471269087253 7.00940893270864 10.5776048071893 6.76538493769041 5.73204593992906 4.86676492367655 -0.356674943938732 -9999 -9999 -9999 -9999 -9999 0.916290731874155 3.10458667846607 5.30628553619721 7.23273313617761 -10000 10.9696799499481 11.6916070718436 12.366135812109 12.7826466832182 -10000 -10000 -10000 -10000 3.19867311755068 2.484906649788 -10000 -10000 -10000 -10000 -10000 -10000 -10000 -10000 -10000 -10000 -10000 -10000 -10000 -10000 -10000
