data_gis/fral_100_popSize_highRes.asc
NCOLS 157 
NROWS 98 
XLLCORNER 84247.92649 
YLLCORNER -828428.80646 
CELLSIZE 20000 
NODATA_value -10000 
[rows 48 to 71 of 98, columns 54 to 107 of 157]
4.12874598893943 4.27388447605418 4.55071400019203 4.79744207363521 4.47506150064107 3.90600493310258 -10000 -10000 -10000 -10000 -10000 -10000 -10000 -10000 12.00793872972 -10000 -10000 -10000 -10000 -10000 14.6330265955284 14.5965390286963 -10000 13.9398374690209 13.3395741646254 12.555179019969 11.8490905115563 10.9188450358195 10.408948813803 10.9212693232897 12.2460142526231 11.9603894747716 12.4321638482483 -10000 -10000 -10000 12.5558629445947 -10000 11.2779370392881 -10000 -10000 -10000 -10000 -10000 -10000 13.1004898873512 13.662706637516 13.7265460020346 13.5851875458882 12.8718332129367 12.6396489065994 12.6782769764546 13.0032126568933 13.5141621923487
4.55492896955134 4.56121829845891 4.32148013480585 4.16044436392662 3.92395157629342 3.52636052461616 -10000 -10000 -10000 -10000 -10000 -10000 -10000 -10000 -10000 14.5415914219665 13.9142167828559 14.4216543615026 -10000 -10000 15.8450473145155 15.6821355099815 -10000 14.8360463435999 14.2556887994377 13.4801958511469 12.5332121819537 -10000 10.5672574143854 10.2589217270387 10.6723218149424 11.0258651947545 -10000 -10000 -10000 12.0720382692877 11.8849371968192 -10000 -10000 10.1457275995413 -10000 -10000 -10000 -10000 13.0611558357231 13.8733907112876 14.0843774804037 14.1863200370484 14.0963696567795 -10000 13.2781236183357 13.3223660315948 13.6392517852963 14.0429536529793
6.04784488054409 5.20948615284142 4.76388187714291 4.12228393091134 3.57515068878559 0.405465108108164 -1.20397280432594 -10000 -10000 -10000 -10000 -10000 -10000 -10000 -10000 -10000 14.7083742061285 -10000 -10000 -10000 16.64635226839 16.5487493136979 16.2273932760195 15.7381759136901 14.9992241227625 14.157481221919 -10000 11.9948206090587 10.8810615128272 -10000 -10000 -10000 -10000 -10000 -10000 -10000 12.8401330836308 11.9412147746087 -10000 10.6749605831973 10.1285492630062 10.6756076379654 -10000 -10000 13.7620897388422 14.1590662192217 14.4782289429482 14.6375490701968 14.4929779506337 14.254288577867 14.040002799387 14.0973629206308 14.304147012908 14.6013631652664
7.54538974961182 6.45441209062951 5.5325986622727 4.59612944133594 3.60004824040732 2.75366071235426 1.75785791755237 -10000 -10000 -10000 -10000 -10000 -10000 -10000 13.8123836743552 -10000 -10000 -10000 17.0323343588707 17.2706264551037 17.3552036894136 17.215347948591 16.9181550826117 16.4431776934778 15.7097881069541 14.8139945449647 13.7758004450745 -10000 -10000 -10000 -10000 -10000 -10000 -10000 -10000 13.4407065569577 13.3080492684737 12.9763938075158 11.996326447552 11.334707477009 10.7114801247651 11.0464994285009 11.8678268370598 12.8347693010808 13.8353122048678 14.2908542785084 15.0863814412305 16.1579114754592 14.7711731454153 14.5319234799594 14.576193014902 14.5609546041656 14.7731819762613 14.9985160770432
8.61540823891319 7.67925142595306 6.67177974885255 5.66122286023741 4.99111262760739 4.49088103958596 3.86911550441687 -10000 -10000 -10000 -10000 -10000 -10000 -10000 14.7394309101227 -10000 16.5936186454459 17.2148832091513 -10000 18.17821256908 18.1784637454255 18.0747207606694 17.4800107378922 17.0241388558209 16.3271053888463 -10000 -10000 -10000 -10000 -10000 -10000 -10000 -10000 -10000 13.7390991657435 13.9974703826744 13.795313973077 13.455445588663 12.8751525179562 11.8297560613362 11.2455426285103 11.230681910268 11.9574381943291 12.8311791796644 13.7745791824621 14.2422647697144 14.7190256274925 14.8624389496538 14.8335131171212 14.8732331414865 14.9647624107182 15.0515684852577 15.2698863753584 15.6777471299962
9.43140175708607 8.58110651715989 7.69484807238461 6.89162589705225 6.47589485951444 5.79909265446053 5.32933142007721 -10000 -10000 -10000 -10000 -10000 -10000 -10000 15.6316656851269 -10000 -10000 17.7597137036226 18.4139254985731 18.5646614617236 18.5762026432284 18.4795970651008 18.2910768059142 17.5808084986508 -10000 -10000 -10000 -10000 -10000 -10000 12.2121193274465 -10000 12.9503786114317 13.4162218366493 14.0329184920285 15.6852869921261 14.1292601510456 13.67631745377 -10000 12.2224429184435 11.7080316161236 11.6285728884962 12.1498831738788 12.8707920589871 13.5576008571795 14.2748418144973 14.6536935755238 14.9308324601953 15.0940390127925 15.2919570462503 15.4303031087002 15.590953466499 16.3422094514286 15.7118926206525
10.4428714782101 9.29771001811309 8.49474306257865 7.84971375760487 7.5522372875608 7.21450441415114 6.57994541543958 -10000 -10000 -10000 -10000 -10000 -10000 -10000 16.2993795028561 -10000 -10000 18.4107675300104 -10000 18.8427639107285 18.9549120960429 18.8298521485837 18.602014079283 -10000 -10000 -10000 15.2436452748985 14.751043760276 14.4100548938437 13.3074112145166 12.6930040628947 12.90171421252 12.8719282766873 13.426954188009 13.6795212900947 14.1206859757248 14.0727617730449 13.7939221971947 13.4195823289132 12.7512040392646 12.1917657887837 12.173094805033 12.6456943838898 13.2974320286867 13.9480806136525 14.514363430064 15.0464800501666 15.3929416742633 15.681193125115 15.8853756413919 16.0361677674569 16.1778987589541 16.2723672948977 16.2934195310225
11.0620968151105 10.029503273119 9.15746688236911 8.78247626892454 8.61450137388324 8.52872642722991 8.5197898172635 -10000 8.82246957226897 8.75699718362355 -10000 -10000 -10000 -10000 16.9671610340708 17.5640690575665 -10000 18.7833817506487 18.8963509875696 19.1097374900804 19.9345169460913 19.0040018977285 18.691700914662 -10000 -10000 16.5020465117842 15.7024658065138 15.1570797441396 14.6229716526196 14.0789557764519 12.9902412769752 12.4359097449848 12.2886429254308 13.2001851591081 13.592350756518 -10000 15.0342075277658 13.9768893377383 13.5421744220486 13.2851214782983 12.6791434412082 12.8171362873368 13.3363563899464 14.0019096237414 14.6417746077458 15.2082071311186 15.6896050286288 16.1185425510836 16.4191445381627 16.6292447623965 16.8266883332554 17.0271536495637 17.0821648353943 16.9407675079653
11.4599465401793 10.5073389306105 9.83692030826401 10.3010548885172 9.9426601876106 9.92905782864766 -10000 -10000 -10000 10.7061391509192 -10000 -10000 -10000 -10000 -10000 18.2519855097033 -10000 18.9079117265367 18.9443982057181 19.0436802722369 19.0138386467833 18.8319726830606 18.5897268370947 18.1105483244861 17.2214665328744 16.490685852624 16.9961478815511 15.3145034951998 14.7023782463812 14.0906224557671 13.0589847167018 12.446859632017 12.0826669573474 12.5733788765376 -10000 13.6065743526517 13.9506505311291 13.837665318785 13.7413170436904 13.5926169754053 13.4115373364397 13.4831406950893 14.0655110122482 14.7456525171435 15.3927213092516 15.9609963615848 16.4900752587605 16.8838050453172 17.2245251719592 17.4878713267373 17.679971656606 17.7000966707076 17.6171539843934 17.4144750419208
11.5953253922174 10.916614571847 10.5785980456099 10.7878953835426 10.9477316487207 11.036388540151 -10000 -10000 11.3104052824831 11.7090923973362 12.0299319478113 -10000 -10000 -10000 -10000 18.405774434902 18.7239359236419 18.880428864783 -10000 18.9129685268026 18.8265258331919 18.632088758441 18.3814606323989 17.6451039359578 16.9962333235339 16.2888912045124 -10000 15.1037029959884 14.5395287861911 13.9880999101138 12.9624457674216 12.3125475400372 11.9551402871084 11.9716469393788 12.6997470239783 13.3586726786261 13.673504499443 13.8999426949055 14.0231245474206 13.8539790652047 13.8494133096392 14.1801328380018 14.7441384728626 15.4412544031422 16.1220268138023 16.7248181187711 17.2198957199182 17.6434917365575 17.9838796317145 18.2353607764144 18.2719905551378 18.2282900390067 18.5092355758691 18.5168169824762
11.6414769785544 11.2174665645623 11.3159734023701 11.6202630249873 11.8374841591847 11.981327812849 12.0369318397235 12.0398350456344 12.2682584010841 12.4418875747641 -10000 14.8979053849428 -10000 -10000 18.0386270377907 18.3822512185275 18.7143450868888 19.7157926265755 18.7941557413825 18.7723962099863 18.5763467094399 18.3905795754568 17.7961513031929 17.2838371021529 -10000 -10000 15.1997252580875 14.6382248462445 14.1953891040283 13.9221598428022 12.7365302938052 12.0358772685341 11.608726433409 11.7156458765102 12.2532996838929 13.1829202322188 13.5954958566897 13.9802670821787 15.4622319236595 14.1428887113334 14.2521163879401 14.7026443268487 15.3308577667307 16.0742075022546 16.7496883337512 17.3609290266712 17.8840786087231 18.3015507515569 18.6980509311981 18.7894141475537 18.996598315687 19.2340332684541 19.3367941160992 19.0978287780039
11.603762016642 11.6074626187942 11.9704199298389 12.7913283324302 13.0064091684245 13.1016482939466 12.8337502049468 12.8604348180036 13.0061126671375 13.1854151689069 -10000 15.05599907407 -10000 16.9132006846805 17.852809876413 18.2220078293742 18.490585391645 18.7373229151867 18.6166267319051 18.4627245453625 18.236585967934 17.8054525159552 -10000 -10000 -10000 -10000 14.5222065376125 14.0302444469858 13.1704351883818 12.8900756452107 12.2992350660043 11.6662558084136 11.3528388690669 11.5082947597855 12.1955828191755 12.9512404808869 13.4027866685315 13.799822135708 14.1050057357467 14.3892923891695 14.6688176126376 15.1805222921286 15.8591324164263 16.5809462582317 17.3042775107967 17.9179812799999 18.4160831512014 18.9177890986939 19.2627047907709 19.5854335698447 19.7466956186897 19.7708858103067 -10000 -10000
11.7181086909074 12.0391912732241 12.941991917934 13.3381309932641 13.5759644674974 13.6600186457535 13.6818271537866 13.7213668975116 13.597263748019 13.8454139610183 14.1749798939503 14.9107909687536 15.8469295033191 16.6080624950956 17.2038146438303 17.920816820621 18.2193802857869 18.4223066214969 18.3612981455055 18.2149194422015 17.7064688520031 -10000 -10000 -10000 -10000 13.7439962961569 12.9384237121787 12.7452670433466 12.6627377103367 12.2523119399484 11.7569064021509 11.3216559947349 11.2254033797198 11.6428215077104 12.1627109704162 12.6633709022784 13.3582083234082 13.7256219548173 14.2143356700101 14.5422071115256 14.9745874556475 15.5260695523427 16.2672685622268 17.0277177166228 17.7328621412713 18.4368161847439 18.9248625865994 19.3950073001848 19.7870839410568 19.9712041754452 20.1590171577241 -10000 -10000 20.9856301014139
12.0167808529853 12.8588768834728 13.3262246140363 13.784982275929 14.0918619297907 14.1294888346146 14.359799197263 14.3769948848073 14.3869854620662 14.4229565937145 14.5306168624386 14.8482355051344 15.426298558619 -10000 16.7614540889353 17.2122832316949 17.8994685662017 -10000 -10000 -10000 -10000 -10000 -10000 -10000 12.9005664190267 11.9648733152914 12.1321838801181 12.1404935832174 11.989526036464 11.6178889018027 11.3506300399052 11.3221038851181 11.6724047795156 12.1185629625886 12.5704726740197 12.9587991959386 13.3089226092234 13.9608075882207 14.3363403725191 14.7580626225632 15.2327949781422 15.8910779799239 16.5930027385782 17.347098688923 18.0153874210883 18.7213073927002 19.3241958783034 19.7527803423356 20.0937963671331 20.2717420467727 20.442284591722 21.1287309450546 20.4196309306649 20.2400402309417
12.5880848722636 13.108542304887 13.5478350135881 14.0608585557786 15.6166560074105 14.6500908923429 14.715370236394 14.8173912904845 14.8980483412455 14.9400608622482 14.8312892758988 14.8522304214928 -10000 15.6313086048102 16.1414364233951 16.5679398117476 -10000 -10000 -10000 -10000 -10000 -10000 -10000 13.0422893359066 11.5155719599111 11.6032870570503 11.7130705677873 11.6858614480723 11.4903014613323 11.4153567365641 11.5418627148648 11.8866246703147 12.3210874086088 12.7473207761074 13.3900626163238 13.6256168043136 13.8975890381998 14.1157173674125 14.4555881305834 14.89451893959 16.1035078647118 16.0196594402066 16.7796487535074 17.5323350857755 18.1966583065309 18.975859916075 19.4770363427502 19.894346730498 20.6481413138182 20.9055873937404 20.9856301014139 20.5557839487884 -10000 -10000
13.3212142361495 13.4119596166693 13.6299493591925 14.0276198551927 14.5640872419929 14.7582383312473 14.9641221208035 15.2228890778092 15.1871662953406 15.2120252629855 15.8352267764624 -10000 -10000 14.9570456728596 15.3734374681037 15.6964308840607 -10000 -10000 -10000 -10000 -10000 13.2857874970938 11.5992132468947 11.7539246513816 11.8613968515583 11.8992145494251 12.0639847502225 11.8874914062828 11.8859844544093 11.9518317965971 12.1570399519529 12.5164062245417 13.0599835911876 13.6717314074024 13.9489831988629 14.163172102992 14.2911520147517 14.5190950794816 14.6153506161935 15.0348505794463 15.5030079820688 16.1127274680125 16.8502510220902 17.5892051290535 18.3838729318107 19.0192639382363 19.5195869627521 19.9048174943083 20.1668457373554 20.3700371990956 20.4307521429874 -10000 -10000 -10000
14.0895760947394 13.740804252999 13.7236934702041 13.8997110715094 14.4234336724334 14.7391057472158 15.1125553118523 16.4075930746625 15.3346269664328 15.3299850504659 16.4245511447849 15.0379895613511 14.6719595614809 14.5252296625179 -10000 -10000 -10000 -10000 -10000 -10000 11.7231215585302 11.9434408452782 12.1138477014877 12.3336255777206 12.4917401901827 12.5752402304657 12.5714134323542 12.8824347414293 12.8959845983801 12.8993348194781 12.7482050574828 13.1718504415397 13.7393463192967 14.0913566102678 14.4331483232692 14.6550273671945 14.6591708102702 14.6990437731603 14.9081688232281 15.0862899656337 15.5065688252396 16.1289057111482 16.8152936160015 17.5173252894831 18.330387478362 18.8597781586041 19.3750493823789 20.3014490783061 19.9921209365119 -10000 -10000 -10000 -10000 -10000
14.8066912989786 14.3700161682977 13.8888223561127 13.8484500470061 14.2903617935574 14.6078517301942 14.8523761580344 15.1541374119994 15.2045005326512 15.1795631444853 15.1753010233604 14.8184027494901 14.4712289389344 -10000 -10000 -10000 -10000 -10000 -10000 12.8409946670091 12.4243483681675 12.5591139959565 12.7939009762309 13.2214754119008 13.3752909483152 13.4181966384706 13.473311755821 13.4828855114079 13.4658069718301 13.4122739648709 13.5048545950727 13.6707968759372 14.1447459574475 14.4583692023559 14.731914083477 15.9313412837616 15.0416417420332 15.5399851605201 15.035593297631 15.2069377236759 15.5425236622345 16.0294166661015 16.7118102663474 17.3354444761119 18.1265388114604 18.62789014631 19.015672059584 19.3540868879488 19.5315862273845 19.6460624142939 -10000 -10000 -10000 -10000
15.7678802278924 14.956941885731 14.3382441990246 13.8706727584733 13.8491387389443 14.3460023291253 14.644632955077 14.8223682382856 14.9414396552828 14.9352637936653 -10000 -10000 -10000 -10000 -10000 -10000 -10000 -10000 13.4639937166832 13.2926764534736 13.2401179682117 13.3746571037941 13.5665182885272 13.8100577182188 13.9823537742424 14.1175821035822 14.1290789205338 14.0110765191395 14.010448854578 13.8419937616112 13.9114986897254 14.0436631430959 14.3504905031265 15.217536525912 14.9154632811818 15.060146592208 15.1331775165196 15.2122145503833 15.3328820838036 15.4181181970995 16.1116361331215 15.9163243278054 16.4509633275229 17.0376658794002 17.5941733104084 18.2720041075071 18.6366882380678 18.8190587175459 18.8863190590634 18.8638731429214 -10000 -10000 -10000 -10000
16.3936907696029 15.6101885973533 14.785343573353 14.1689958202729 13.8581341286712 14.0598588903523 14.9961297778014 15.1032015225895 15.0740954035402 14.467956049267 -10000 -10000 -10000 -10000 -10000 -10000 -10000 15.5747402927656 13.7765035819676 13.8430527651373 13.8651213377176 13.9747221241607 14.1197753735622 14.3797345688545 14.7369945813258 14.7674537211627 14.7112952712206 14.4673012261748 15.4775041076957 14.1917603581633 14.0774808987002 14.1860749947533 14.3431661597854 14.6786350847534 14.863322413225 15.0998358681252 15.2659947075466 15.4618750154979 15.5882615045116 15.7614389925667 15.8696964692139 15.9651083275029 16.3945215851114 16.6818485833831 17.1541374007408 17.6694851253631 18.1458640366386 18.3201592568433 18.3393964124495 17.9695786930428 -10000 -10000 -10000 -10000
16.8394428469493 16.0865961086986 15.2488268541909 14.4662339409689 14.015213512589 14.8355914130753 15.114452665821 -10000 15.1642408928669 14.9352970818638 13.6944598141603 13.1024157395946 -10000 -10000 -10000 13.0734861094415 13.5001434333709 13.8368903722195 14.096148377824 14.1781273143209 14.2609070240937 14.404643538399 14.5887015231203 14.9303934265934 15.741905518409 15.1378326376027 14.9903305176367 14.8140310196193 14.3872497029877 14.2006770357871 14.0628509892576 14.2133170804972 15.2657843777254 14.544854653836 14.8110741012179 15.1315415086615 16.075606538402 15.7412506522302 16.0217906765098 16.2126195217027 16.2529142647581 16.2555511093562 16.2275985451074 16.3697000816289 16.6815954292855 17.0383098758576 17.3166829192839 17.5071946753307 17.5389875548292 17.3518690535335 -10000 -10000 -10000 -10000
17.1184802212759 16.3774543262414 15.5457234701075 14.6553318238594 -10000 -10000 -10000 15.7974575107545 15.5469556384986 -10000 -10000 12.7126372038375 12.0974679844295 12.8542930643614 12.9718381177921 13.3902569424602 13.3855642149239 13.9575360235932 14.1873285647801 14.4124815838719 14.5889193453145 14.7038844148962 14.9662477617942 15.1802459352965 15.3146763570124 15.4243238753795 15.2226689926508 14.9306583780724 14.5740348142266 14.1250593025759 13.9490269504763 13.8463239127314 14.1024908842498 14.3933602363686 14.7105866421104 15.1146954463742 15.689961377958 16.1197049553331 16.4784227974786 16.9933802880335 16.7757195862978 16.6874237782043 16.4738434151988 16.267306550134 16.2798207154286 16.4632329515297 16.8972520732047 16.7714384440603 16.755396239217 16.510068412007 -10000 -10000 -10000 -10000
17.1931223057756 16.4529137345081 15.6669888271112 14.7131100926749 14.8626070713574 15.206084249674 -10000 17.8953159366352 -10000 -10000 14.7385695335151 -10000 -10000 13.191999508622 13.3256127452312 13.3690484400216 13.7253221395188 13.9590687636656 14.2586349043479 14.5393726683092 15.8200122046154 14.7930879042541 15.055204786992 15.6700551370023 15.4130311402699 16.5940280452918 15.3637336994782 14.9229501048313 14.5547986823205 13.9564709123915 13.6499257570113 13.5868442844554 13.7429925519135 14.1045362273853 14.6858164071848 15.3208804524388 15.9365280898382 16.4725904300639 16.9189645772769 17.517663823946 17.5796509050775 17.4674017012596 16.8274546076537 16.4135120859666 16.0985106099885 15.9473233440847 16.0208516625508 16.0511507167299 15.9484509225645 -10000 -10000 -10000 -10000 -10000
17.0874616765157 16.3636785073395 15.5327795716447 14.6058928825773 -10000 -10000 -10000 -10000 15.61702116329 -10000 -10000 -10000 -10000 -10000 -10000 13.6610263225135 -10000 13.9771939384882 14.1652268465228 15.2246392207179 14.63319347882 14.6450980835412 14.872239525215 15.080305988032 15.2217136682002 15.3543270592746 15.1505397821949 14.8441305473123 14.5018762964353 13.7400917270105 13.8260349814205 13.3357248397119 13.5029249506796 14.0206986708779 14.7264787502218 15.4778025561172 16.237838808764 16.8385844202761 17.6247272939796 17.8842641124933 17.9888806953714 17.897620582518 17.6006827998742 16.6847571877788 16.0750816724622 15.6068814517067 15.3046635827185 15.2267857828091 15.0900973590432 -10000 -10000 -10000 -10000 -10000
