data_gis/fral_60_popSize_lowLoss.asc
NCOLS 157 
NROWS 98 
XLLCORNER 84247.92649 
YLLCORNER -828428.80646 
CELLSIZE 20000 
NODATA_value -10000 
[rows 52 to 77 of 98, columns 0 to 59 of 157]
-10000 -10000 -10000 -10000 -10000 -10000 -10000 -9999 -9999 -9999 -9999 -9999 -9999 -9999 -9999 3.08648663682246 -10000 5.11078224270119 9.18399639663658 5.16649879192719 4.56330598188939 4.44617445449763 3.91999117507732 3.13549421592915 -9999 -9999 -10000 -10000 -10000 -9999 -9999 -9999 -9999 -9999 -9999 -9999 -10000 -10000 -9999 -9999 -9999 -9999 -9999 -9999 -10000 -9999 -10000 -10000 -10000 -10000 -10000 -9999 -10000 -9999 -9999 -9999 -9999 -9999 -9999 -9999
-10000 -10000 -10000 -10000 -10000 -10000 -10000 -9999 -9999 -9999 -9999 -9999 -9999 -9999 -9999 2.94968833505258 3.83514196109219 4.63763737612559 5.17048399503815 5.04471460774912 5.05815481006423 5.14981735822959 4.8023803552758 4.35926964755127 3.29212628660779 -9999 -10000 -10000 -9999 -10000 -9999 -9999 -10000 -9999 -9999 -10000 -10000 -10000 -10000 -9999 -9999 -9999 -9999 -9999 -10000 -9999 -10000 -10000 -10000 -10000 -9999 -9999 -9999 -9999 -9999 -9999 -9999 -9999 -9999 -9999
-10000 -10000 -10000 -10000 -10000 -10000 -10000 -10000 -10000 -9999 -10000 -9999 -9999 -9999 -9999 -9999 3.26193531432865 3.84801767545223 4.52612697864764 4.95653103510305 5.44198471636045 7.94449216393216 5.63049467888637 4.96703165661412 4.16511363311031 -10000 -10000 -10000 -10000 -10000 -10000 -9999 -10000 -10000 -10000 -10000 -9999 -9999 -9999 -9999 -9999 -10000 -9999 -10000 -10000 -10000 -10000 -10000 -10000 -10000 -9999 -9999 -9999 -9999 -9999 -9999 -9999 -9999 -9999 2.4423470353692
-10000 -10000 -10000 -10000 -10000 -10000 -10000 -10000 -10000 -10000 -9999 -10000 -9999 -9999 -9999 -9999 -9999 3.10458667846607 4.09767235231478 4.87900685161782 5.51985963649527 8.90327158572421 8.9442893196507 5.32447232402489 4.3425058765116 2.92852352386054 -10000 -9999 -10000 -9999 -10000 -9999 -10000 -10000 -9999 -10000 -9999 -9999 -9999 -9999 -9999 -10000 -9999 -9999 -9999 -10000 -10000 -10000 -10000 -10000 -9999 -9999 -9999 -9999 -9999 -9999 -9999 0.182321556793955 0.336472236621213 2.72129542785223
-10000 -10000 -10000 -10000 -10000 -10000 -10000 -10000 -10000 -10000 -9999 -9999 -9999 -9999 -9999 -9999 -9999 0.8754687373539 3.09557760852371 4.50755735712109 7.37086016653672 5.60983802847966 6.55748833133874 4.97120122485085 4.07753744390572 2.83321334405622 -10000 -10000 -10000 -9999 -10000 -9999 -9999 -10000 -9999 -10000 -9999 -10000 -9999 -9999 -10000 -9999 -9999 -10000 -9999 -10000 -10000 -10000 -10000 -10000 -9999 -9999 -9999 -9999 -9999 -9999 0.470003629245736 1.02961941718116 1.19392246847243 2.76631910922619
-10000 -10000 -10000 -10000 -10000 -10000 -10000 -10000 -10000 -10000 -9999 -9999 -9999 -9999 -9999 -9999 -9999 0.693147180559945 1.45861502269952 3.5234150143864 4.55597994179732 4.76046307039413 4.70501552095781 4.23844490619586 3.11351530921037 0 -10000 -9999 -9999 -9999 -9999 -9999 -9999 -9999 -9999 -9999 -9999 -10000 3.3603753871419 3.23474917402449 -10000 -9999 -10000 -9999 -9999 -10000 -10000 -10000 -10000 -9999 -9999 -9999 -9999 -9999 -9999 0.182321556793955 1.02961941718116 1.90210752639692 2.39789527279837 1.88706964903238
-10000 -10000 -10000 -10000 -10000 -10000 -10000 -10000 -10000 -10000 -10000 -9999 0.262364264467491 0.405465108108164 0.262364264467491 -10000 -9999 -9999 0.993251773010283 1.48160454092422 3.13983261752775 3.83514196109219 3.7635229971097 2.85647020622048 0.262364264467491 -9999 -9999 -9999 -9999 -9999 -9999 -9999 -9999 -9999 -9999 -9999 3.44680789291421 -10000 4.24420031776648 4.01818320125654 3.47815842279828 -9999 -10000 -9999 -9999 -10000 -10000 -10000 -10000 -10000 -9999 -9999 -9999 -9999 -9999 0.262364264467491 1.6094379124341 2.64617479738412 6.89091426178611 3.73050112880476
-10000 -10000 -10000 -10000 -10000 -10000 -10000 -10000 -10000 -10000 -9999 0.587786664902119 1.09861228866811 1.38629436111989 1.1314021114911 0.587786664902119 -9999 -9999 -9999 -10000 0.8754687373539 1.09861228866811 0.0953101798043249 0 -9999 -9999 -9999 -9999 -9999 -9999 -9999 -9999 -9999 -10000 -9999 3.14415227867226 4.00369019395397 4.82430571590476 5.29781724150635 -10000 4.02177386938726 -10000 -10000 -9999 -9999 -10000 -10000 -10000 -10000 -10000 -0.22314355131421 0 -0.22314355131421 -9999 -9999 1.16315080980568 1.82454929205105 3.8308129500026 4.3528552573736 4.38576962095272
-10000 -10000 -10000 -10000 -10000 -10000 -10000 -10000 -9999 -10000 0.262364264467491 1.09861228866811 2.02814824729229 2.50143595173921 2.01490302054226 1.1314021114911 0.262364264467491 -9999 -9999 -9999 -9999 -9999 -9999 -9999 -9999 -9999 -9999 -9999 -9999 -9999 -9999 -9999 -9999 -9999 -9999 3.29953372788566 4.21508617991823 5.37851390854231 9.30692246982243 5.37620390520511 -10000 -10000 2.27212588550934 2.54944517092557 2.43361335540045 -10000 -10000 -10000 -10000 -10000 0.53062825106217 0.832909122935104 0.53062825106217 0.0953101798043249 -0.22314355131421 0.741937344729377 3.54673968695281 4.33990170837321 4.91044656684082 5.31369846858634
-10000 -10000 -10000 -10000 -10000 -10000 -10000 -10000 -10000 -9999 0.405465108108164 1.38629436111989 2.50143595173921 7.10987946307227 2.51769647261099 1.38629436111989 0.470003629245736 -9999 -9999 -9999 -9999 -9999 -9999 -9999 -9999 -9999 -9999 -9999 -9999 -9999 -9999 -9999 -9999 -9999 -9999 3.17387845893747 4.32413265625498 5.08016135674487 5.50857829203123 -10000 -10000 3.71843825635548 3.22286784613774 3.93963817246112 3.85651029549789 -10000 -10000 -10000 -10000 -10000 1.54756250871601 2.00148000021012 1.54756250871601 0.53062825106217 0.832909122935104 1.02961941718116 3.67376581630389 6.79660022961597 5.33945930987921 9.22916212621677
-10000 -10000 -10000 -10000 -10000 -10000 -10000 -10000 -10000 -10000 0.262364264467491 1.1314021114911 2.02814824729229 2.51769647261099 2.00148000021012 1.1314021114911 0.262364264467491 -9999 -9999 1.87180217690159 2.06686275947298 1.85629799036563 -9999 -9999 -9999 -9999 -9999 -9999 -9999 -9999 -9999 -9999 -9999 -9999 -9999 2.41591377830105 4.16666522380173 4.87213921684233 5.26837349017496 4.96284463025991 -10000 3.83297979808769 4.45085282560373 4.92362391710663 4.75789127300576 -10000 -10000 -10000 -10000 -10000 -10000 6.34300131319059 2.12823170584927 1.25276296849537 1.22377543162212 0.741937344729377 3.42100000895834 4.18205014264121 4.9119193211571 5.32593253358101
-10000 -10000 -10000 -10000 -10000 -10000 -10000 -10000 -10000 -9999 -9999 0.587786664902119 1.1314021114911 1.38629436111989 1.1314021114911 0.587786664902119 -9999 -9999 2.21920348405499 2.70805020110221 2.94968833505258 2.71469474382088 2.17475172148416 -9999 -9999 -9999 -9999 -9999 -10000 -10000 -10000 -9999 -9999 -9999 -9999 2.54160199346455 3.62167070442049 4.93949726626292 8.68067166040871 5.10594547390058 4.25561270981822 4.39691524716763 4.95723451736914 8.63692987301857 6.76837826251349 -10000 -10000 -10000 -10000 -10000 -10000 -10000 1.82454929205105 2.34180580614733 2.18605127673809 2.14006616349627 0.832909122935104 3.60549784517489 4.12713438504509 4.37826958579617
-10000 -10000 -10000 -10000 -10000 -10000 -10000 -10000 -9999 -9999 -9999 -9999 0.262364264467491 0.405465108108164 0.262364264467491 -9999 -10000 -10000 -10000 3.60821155104648 4.05004430332552 3.5918177412708 2.70805020110221 1.87180217690159 -10000 -9999 -9999 -9999 -10000 -10000 -10000 -10000 -9999 -9999 -9999 2.40694510831829 3.38777436133001 4.23410650459726 4.85359154448657 7.47250074473756 4.44265125649032 4.47506150064107 4.76388187714291 5.69943972522206 8.9300972286214 -10000 -10000 -10000 -10000 -10000 -10000 -10000 3.01062088604774 3.18221184049661 3.05870707271538 2.66025953726586 2.35137525716348 1.19392246847243 3.44041809481544 3.80666248977032
-10000 -10000 -10000 -10000 -10000 -10000 -10000 -9999 -9999 -9999 -9999 -9999 -9999 -9999 -9999 -9999 -10000 -10000 -10000 -10000 8.31016902198191 4.02891675689965 2.94443897916644 2.09186406167839 -9999 -9999 3.64283551561253 3.8155121050473 -10000 -10000 -9999 -9999 -9999 -9999 -9999 -9999 2.90142159408275 3.51154543883102 4.22683374526818 4.38077585277223 4.16044436392662 4.24132675257075 5.10655135092608 5.51423487277051 5.82658990391775 -10000 -10000 -10000 -10000 -10000 -10000 -10000 4.15103990589865 6.68185793947131 4.0842942263686 3.5055573969864 2.66722820658195 2.05412373369555 1.82454929205105 6.60272356819524
-10000 -10000 -10000 -10000 -10000 -10000 -10000 -10000 -10000 -10000 -10000 -9999 -9999 -9999 -9999 -9999 -10000 1.87180217690159 -10000 3.60821155104648 -10000 3.61091791264422 2.69462718077007 1.87180217690159 -2.30258509299405 3.98341300151482 4.65396035015752 4.86445278391817 4.64150211523548 -10000 -2.30258509299405 -9999 -9999 -9999 -9999 -9999 -9999 3.28840188751681 -10000 -10000 4.4624538837865 4.56121829845891 5.13579843705026 5.66157062584689 6.12117615362964 8.67453876214002 -10000 -10000 -10000 -10000 -10000 -10000 5.16706907993808 4.96144504990548 8.05547514175727 3.91999117507732 2.85070650150373 2.09186406167839 1.22377543162212 2.35137525716348
-10000 -10000 -10000 -10000 -10000 -10000 -10000 -10000 -10000 -9999 -10000 -9999 -10000 -9999 -10000 -10000 -9999 -9999 -10000 -10000 2.95491027903374 2.70805020110221 2.17475172148416 -9999 3.65065824129374 -10000 5.48313580354058 -10000 5.47478850966382 4.69592454925656 -10000 -10000 -9999 -9999 -9999 -9999 -9999 -10000 -10000 4.37952350445576 8.40871671508015 4.84103250971008 5.06638530920075 5.84267447352282 9.4588397305527 7.19142933003638 -10000 -10000 -10000 -10000 -10000 8.4142741374084 6.06005733857359 5.57215403217776 4.94378298710842 3.85862222870103 2.39789527279837 1.82454929205105 0.405465108108164 0.741937344729377
-10000 -10000 -10000 -10000 -10000 -10000 -10000 -10000 -9999 -10000 -9999 -9999 -9999 -9999 -10000 -9999 -9999 -9999 -10000 1.84054963339749 -10000 1.85629799036563 -9999 -9999 4.11414718951828 -10000 5.96023184467688 9.72112599494215 5.96819592016863 4.99179220629478 4.12066187053947 -0.105360515657826 -9999 -9999 -9999 -9999 -9999 2.05412373369555 2.94443897916644 3.97217692824789 4.45667017766965 4.671893818031 6.71961683686662 5.48438190962083 6.2721220046228 6.34931380127448 -10000 -10000 -10000 -10000 -10000 9.22926025682869 8.68406264365127 6.20556735377004 5.39771011042607 4.0943445622221 2.4423470353692 -9999 -0.693147180559945 -0.356674943938732
-10000 -10000 -10000 -10000 -10000 -10000 -10000 -10000 -9999 -9999 -9999 -9999 -9999 -10000 -9999 -9999 -9999 -10000 -9999 -9999 -10000 -9999 -9999 -10000 4.03069453514564 4.8605872978526 5.7570072358935 8.66647489413199 5.77610313623583 -10000 4.10758978897212 -10000 0 -10000 -9999 -9999 -9999 -9999 2.91777073208428 3.49650756146648 3.81109708683819 3.90197266957464 4.63181211693451 5.71702770140622 6.2753268334569 6.70085410321379 7.4759059693674 -10000 -10000 -10000 -10000 10.0185112291049 9.21054035197885 8.42024166533979 5.85076466500485 4.52396013056255 2.26176309847379 -9999 -10000 -10000
-10000 -10000 -10000 -10000 -10000 -10000 -10000 -9999 -10000 -10000 -9999 -9999 -10000 -10000 2.2082744135228 2.04122032885964 -10000 -9999 -10000 -10000 -10000 -10000 -9999 -10000 -10000 4.42843300748804 5.07329705522097 5.3949902538083 5.08078305399834 4.51852237926242 2.95491027903374 1.43508452528932 0.693147180559945 -10000 -9999 -9999 -9999 1.33500106673234 2.18605127673809 3.47815842279828 3.95124371858143 3.88977739648083 4.32280727501391 6.73447274683885 7.84737183615979 7.15226885603254 10.5362741389213 -10000 -10000 -10000 13.735763639874 10.4523023622062 9.53863641731322 8.56845648535378 6.00807581291318 4.57779898919196 2.72129542785223 -9999 -9999 1.16315080980568
-10000 -10000 -10000 -10000 -10000 -10000 -10000 -10000 -9999 -9999 -10000 -10000 -10000 2.92316158071916 3.1267605359604 2.92316158071916 2.36085400111802 -9999 -10000 -10000 -10000 -9999 -10000 -9999 -10000 -10000 4.26829786934554 4.45201900649392 4.32941668440158 3.15273602236366 6.42794370874532 2.01490302054226 0.832909122935104 -0.22314355131421 -10000 -9999 -9999 1.48160454092422 2.41591377830105 3.56671182013973 7.82324569068552 3.83514196109219 4.32545628318549 5.58911956633606 6.35367414654519 9.42100640177928 7.81156848934518 8.59304250369967 9.28368376620039 10.0412910566833 10.4752577469295 10.0336382370012 9.24319470884713 8.43076346341785 5.8406416573734 4.44617445449763 2.27212588550934 -9999 -10000 -10000
-10000 -10000 -10000 -10000 -10000 -10000 -9999 -10000 -10000 -9999 -9999 -10000 -10000 3.78191432008113 4.254193263164 3.78418963391826 2.92316158071916 2.05412373369555 -10000 -10000 -9999 -10000 -10000 -9999 -10000 -10000 -10000 -10000 -10000 1.45861502269952 2.02814824729229 -10000 0.741937344729377 -10000 1.48160454092422 1.62924053973028 1.3609765531356 1.33500106673234 2.18605127673809 3.04927304048202 3.55248682920838 3.21486780347066 3.9759363311718 4.60316818331742 5.87941504329936 6.38451963513946 6.5369814106639 6.70294268435265 8.75494945509829 9.23581316794921 9.46164368908425 9.26577507886428 8.72518249495877 6.3726369626471 5.3146827206343 3.73766961828337 1.33500106673234 1.22377543162212 2.27212588550934 -10000
-10000 -10000 -10000 -10000 -10000 -10000 -10000 -10000 -10000 -9999 -9999 -10000 -10000 -10000 8.47720418319987 4.26267987704132 3.12236492448736 -10000 -10000 -10000 -10000 -9999 -9999 -10000 -9999 -10000 -9999 -10000 -10000 0.741937344729377 0.8754687373539 0.741937344729377 -10000 1.87180217690159 2.30258509299405 2.55722731136763 2.2512917986065 1.66770682055808 1.6094379124341 2.19722457733622 2.4423470353692 2.18605127673809 1.97408102602201 3.87120101090789 4.45898767581001 5.51383189069776 5.76110754127547 6.0509120057514 6.23008766927058 8.54907938027856 8.57583938684897 8.45148064805086 6.37910507030359 5.53772789032612 4.37071287477361 2.484906649788 -9999 1.43508452528932 2.45958884180371 3.6609942506244
-10000 -10000 -10000 -10000 -10000 -10000 -9999 -10000 -10000 -10000 -10000 -10000 -10000 4.53367418428302 4.61313835563727 3.79323946943818 2.92852352386054 2.04122032885964 -10000 -10000 -9999 -9999 -9999 -10000 -10000 -10000 -10000 -10000 -10000 -10000 -0.22314355131421 0.336472236621213 -10000 2.41591377830105 3.17805383034795 3.59731226058845 3.05870707271538 2.23001440015921 1.30833281965018 1.33500106673234 1.43508452528932 1.33500106673234 -9999 -0.693147180559945 3.39785848039664 3.69137633431252 4.2076732475291 4.54754107315146 5.34233425196481 5.86505062225232 6.03667688992953 5.85306417737196 5.29931686688112 4.36944785246702 2.90142159408275 -2.30258509299405 -9999 1.22377543162212 2.27212588550934 3.2188758248682
-10000 -10000 -10000 -10000 -10000 -10000 -10000 -10000 -10000 -10000 3.64805745959368 -10000 -10000 -10000 4.28771595520264 3.65065824129374 2.35137525716348 -10000 -9999 -10000 -10000 -10000 -9999 -10000 -10000 -9999 -9999 -10000 -10000 -10000 -9999 -10000 1.75785791755237 2.72129542785223 6.00635315960173 7.77443551030296 3.54385368206368 2.51769647261099 1.50407739677627 -9999 -9999 -9999 -9999 -9999 -2.30258509299405 -0.22314355131421 0 2.78501124223834 3.86911550441687 4.45898767581001 4.59612944133594 4.43319492124828 3.77045944110636 2.53369681395743 -2.30258509299405 -9999 -9999 -9999 1.62924053973028 3.25809653802148
-10000 -10000 -10000 -10000 -10000 -10000 -10000 -9999 -10000 -10000 3.93378449720966 4.98975208317983 9.04204005654448 5.09436350962697 4.19870457754634 -10000 -10000 -10000 -10000 -10000 -9999 -10000 -10000 -10000 -10000 -10000 -10000 -10000 -10000 -10000 -10000 -0.356674943938732 1.56861591791385 -10000 3.1904763503465 3.58073729549423 3.05870707271538 2.24070968927596 1.30833281965018 -9999 -9999 -9999 -9999 -9999 -10000 -9999 -9999 -9999 1.70474809223843 2.39789527279837 2.87356463957978 2.27212588550934 1.33500106673234 -9999 -9999 -9999 -9999 -9999 2.69462718077007 3.4904285153901
-10000 -10000 -10000 -10000 -10000 -10000 -9999 -10000 -10000 2.86789890204411 3.73528582692809 4.67749084756772 7.1785454837637 4.67095792652609 -10000 -10000 -10000 -10000 -10000 -9999 -10000 -10000 -10000 -10000 -10000 -10000 -10000 -9999 -9999 -9999 -10000 -10000 -0.105360515657826 1.85629799036563 2.31253542384721 2.55722731136763 2.27212588550934 1.66770682055808 -9999 -9999 -9999 -9999 -9999 -9999 -9999 -9999 -9999 -9999 -9999 -10000 -9999 -9999 -9999 -9999 -9999 -9999 -9999 2.39789527279837 3.27714473299218 4.14313472639153
