data_gis/fral_2010_popSize_highSens.asc
NCOLS 157 
NROWS 98 
XLLCORNER 84247.92649 
YLLCORNER -828428.80646 
CELLSIZE 20000 
NODATA_value -10000 
[rows 48 to 71 of 98, columns 54 to 107 of 157]
13.2154237555746 13.571368064054 13.8445352370049 13.5837272915647 13.2126920793156 12.9266136651299 -10000 -10000 -10000 -10000 -10000 -10000 -10000 -10000 8.40581460343285 -10000 -10000 -10000 -10000 -10000 13.7793371171569 14.53411249963 -10000 16.517638188552 15.4905974372628 14.9507302120678 14.4500827335574 13.7754549363719 12.4374898753765 11.701113115875 11.0128254490103 10.9109161357816 11.2400925953687 -10000 -10000 -10000 11.6045014084574 -10000 10.2379577864867 -10000 -10000 -10000 -10000 -10000 -10000 14.9328085104878 14.9488166621619 14.7947069786305 14.5030450166286 14.0370848786799 13.4584584000321 13.8878395916019 14.9903712882508 15.5489300332085
13.2682387684261 13.7122644719903 15.7561386385683 13.7956730900612 13.3611251272164 14.3539032931339 -10000 -10000 -10000 -10000 -10000 -10000 -10000 -10000 -10000 10.3347178685303 11.7696739906521 12.4884205163913 -10000 -10000 14.4931734736648 14.5789032251611 -10000 15.0269659974199 14.9184541197784 14.6348162682693 14.2558491230729 -10000 12.1365564228332 11.2919420788183 10.3394495340863 10.1063875793733 -10000 -10000 -10000 10.3553590334584 10.0164143713913 -10000 -10000 7.6506445514369 -10000 -10000 -10000 -10000 14.2233016255968 14.5385368778019 14.7744104863613 14.876507164727 14.5943477011637 -10000 13.8731141504753 13.6732831788962 14.2115641833479 15.1988124460998
13.0613705628133 13.4228205003011 13.6597125219907 13.4785051792481 13.1302541631071 12.838901719793 11.9436813806982 -10000 -10000 -10000 -10000 -10000 -10000 -10000 -10000 -10000 12.7622109655051 -10000 -10000 -10000 15.1804533377779 15.2025408981851 15.0114313315248 14.9079112612853 14.6326092654149 14.3333973925976 -10000 12.5095493238806 11.7351485928247 -10000 -10000 -10000 -10000 -10000 -10000 -10000 8.65434302956347 8.22817689595132 -10000 6.87471542490394 7.73499619402278 10.175383172056 -10000 -10000 13.8754309318563 14.3233860343216 14.7631010999178 16.6592338898649 14.7455385008075 14.2075438619179 13.7733512112538 13.3303640519024 13.7585898805687 14.2283331995859
12.5848583353226 12.8860129986028 13.021985980915 12.9567667755514 12.6942630138944 11.8436885783744 11.4261795072992 -10000 -10000 -10000 -10000 -10000 -10000 -10000 11.7128904569368 -10000 -10000 -10000 15.5254797239183 15.8489294959936 15.9960675552708 15.8858201550715 15.606096171827 15.1594272881054 14.5529669257143 13.9222353425839 13.4315084626549 -10000 -10000 -10000 -10000 -10000 -10000 -10000 -10000 7.00033446027523 8.72842609170461 6.91174730025167 6.38738424237262 7.04315991598834 8.0727793331695 9.88629052770761 11.2248699894789 12.1535839000335 13.606007303376 14.0135003903949 14.3952874523519 14.6402270825897 14.4700697051868 14.0535758246726 13.5886927648833 12.9651971553966 13.2414770828824 13.6692215606352
11.3109683869171 12.3469339833486 12.4262718665549 12.3137155545455 11.6017601786707 11.2479177095573 10.8165129590333 -10000 -10000 -10000 -10000 -10000 -10000 -10000 12.846172362468 -10000 14.9660259383891 15.7092158694832 -10000 16.9916997342582 17.0619958689155 16.9500672040774 16.2254282707399 15.677235980637 14.9962894510857 -10000 -10000 -10000 -10000 -10000 -10000 -10000 -10000 -10000 7.28138566357028 6.75495368872417 6.37024338995364 5.88582621508499 6.03667688992953 7.15226885603254 8.38799525294456 9.66097003203872 10.8458942737631 11.807198270746 12.5386336719023 13.6162580785803 13.9387020526142 14.0865722743195 13.9946963701125 13.7370894514513 12.9240197499956 12.8402099935494 12.9985695631584 13.2792218165118
10.6551866200457 11.0700543960492 11.225603327734 11.1400340272936 10.8643309114593 10.3895798128814 9.7277641797704 -10000 -10000 -10000 -10000 -10000 -10000 -10000 13.9109752712822 -10000 -10000 16.3274459512513 17.2400186547467 17.4836910592023 17.5554483638689 17.4616500335687 17.2204809462101 16.2617827493847 -10000 -10000 -10000 -10000 -10000 -10000 11.3078059995003 -10000 9.98654110767141 9.60737000126325 8.24275634571448 7.26332961747684 6.46131191414541 5.7209672994103 -10000 7.3790081276283 8.61304867705976 9.57727253036756 10.5941566652205 11.7021729818349 12.2694558120025 12.7282802481195 13.5293832761988 13.7113626401458 13.7455750995246 13.3177196124687 13.3243094410568 13.3756729252211 13.4141400555051 13.443047346964
10.5323095225395 10.9934794589106 11.2577880239942 11.2009233771718 10.9446119613316 10.4204940353772 9.67733949220162 -10000 -10000 -10000 -10000 -10000 -10000 -10000 14.6304770618453 -10000 -10000 17.1502789927596 -10000 17.858461750616 18.0518316520253 17.921373593798 17.5280723584239 -10000 -10000 -10000 16.4747145733279 14.2051003169141 13.5765246770127 13.1066851132177 12.0503131722885 11.6067982485791 11.0145223612028 10.238494430329 9.12728479683886 8.20794694104862 7.04228617193974 6.33771029555618 6.68648497204961 7.9287663216267 9.04121140896821 9.95679132455844 11.2237890020719 11.8476676344594 12.3418658533212 12.7415977111315 13.1144803881272 13.4452928954102 13.800802929092 14.0030725264508 14.1176685962065 14.3297475563695 14.4977979842709 14.5514159373905
11.2607778325283 11.7278997384144 11.9684941600446 11.9739514151836 11.7323501097157 11.2495456850414 10.5178620519307 -10000 7.95191138185419 6.87502545435922 -10000 -10000 -10000 -10000 15.3951455423606 16.2065272273206 -10000 17.5613753609433 17.8202631071271 18.1238566368214 19.3945233873472 18.1435087928365 17.6740632483826 -10000 -10000 15.1656475491004 14.5021324953557 14.0871295572633 13.6831259361181 13.3609707452089 12.8566228196679 12.326199598731 11.8362618021983 11.1651394684487 10.3001137119771 -10000 7.95050243480885 6.9177056098353 7.43248380791712 8.536211197252 9.58720022307401 10.995947621719 11.708187925897 12.3720403710881 12.9394424410183 13.3240822506089 13.7796066580992 14.2593755296003 14.6233573586705 14.9202851538889 15.211576273526 15.4848019714482 15.6305369084635 15.4608569734658
12.0940678834499 12.5330247087672 13.1374687151799 13.1772113464433 13.0177803372119 12.119086722762 -10000 -10000 -10000 8.8394216076206 -10000 -10000 -10000 -10000 -10000 16.9643201640858 -10000 17.7473174454149 17.8593902544868 18.0259354923187 18.0546054116287 17.8879553955178 17.5871770122725 17.0737845417798 15.9316343773484 15.0891646367734 14.3384588049124 13.9390335330486 13.7678621916955 13.7828334287911 13.7098333254903 13.483721936076 12.5132153750483 11.8975686264527 -10000 10.0249084077405 8.71111388405354 7.77863014732581 8.09742629859721 9.10353436765837 10.1504648111017 11.4835172513896 12.2238192390681 12.9932314358445 14.667382228232 14.129061380354 14.6701016153599 15.1988071803519 15.6392487146824 16.0361285845603 16.3264947957806 16.39784907458 16.2983375467557 16.1287849166527
12.7745349021045 13.8196250816902 14.030925117424 14.0504300993339 13.5987826324408 13.2352580399657 -10000 -10000 10.2494857018107 9.87282213822524 10.0674754026416 -10000 -10000 -10000 -10000 17.19472609957 17.5980083069065 17.7755479600654 -10000 17.8582859280934 17.7951812211516 17.602740837159 17.3419796649205 16.4157929778983 15.6532546722692 14.8939844229629 -10000 13.9673995392213 14.1555136964653 14.229848188576 14.229426523442 14.0558258277868 13.6352468822798 12.4829957978085 11.7219214091784 10.6723913454953 9.46187699779161 8.4069317971587 8.66699155650463 9.67539427149601 10.8336417410694 11.9875745374171 12.8030337628118 13.5600775169729 14.2509796766374 14.8974441946401 15.5262631326177 16.1081466231043 16.5936374163787 16.9528521967912 17.0244321231716 17.0125298188517 17.5827363894891 17.6669662399344
13.8669733379883 14.3075019254115 14.5577073928327 14.6405426514446 14.3285952281624 13.5909497528201 12.9979219739337 11.7104886097216 10.8752886743379 10.5249238855421 -10000 13.258440277474 -10000 -10000 16.7364978411269 17.2106337289042 17.7023777115233 19.0230830119992 17.6970072196335 17.6844621241006 17.4959349687253 17.2719291894863 16.5710887937521 16.0029130562227 -10000 -10000 13.772152015792 14.0987439999164 15.282705182029 14.598775826353 14.7373256026848 14.4574781218856 13.975545605179 13.4223464809937 12.0455399774027 11.1048519579455 9.93885469637342 8.92718138825199 9.21193909333988 10.3649548507596 11.4481309110591 12.4201835248135 13.4079828241054 14.2995970564606 15.0380204832886 15.7452858082336 16.369887998351 16.950164594955 17.370626363913 17.601369525043 17.9026421021384 18.3511442390092 18.4165324717563 18.3581387351237
14.171153569644 14.6565482931635 14.989422941259 16.1725161256167 14.6460067721751 14.0781740084404 13.150163352262 11.9362239423968 11.1930782634226 11.4713323398719 -10000 13.4687180500704 -10000 15.4426247209099 16.6018317443202 17.0612744373342 17.4299429362815 17.7049967054923 17.5007860255135 17.2917924681271 17.0242011691965 16.503544496952 -10000 -10000 -10000 -10000 13.6510886424661 14.0297013526826 14.3557419625559 14.7668371046611 16.6264234377253 14.7107418891333 14.1975234671841 13.5180070796815 12.1738438319787 11.2035429655391 10.1792615039135 9.32250766884693 9.81787519646021 10.9243364782941 11.9888614628691 12.9911059687459 14.1636275871884 14.9019304876447 15.6893996327021 16.4422687046175 17.0644481265389 17.6892368775943 18.2072589825263 18.6274412876805 18.8879458268006 18.899548272514 -10000 -10000
14.259963659841 14.7752848273088 16.5280339394608 15.0029093693404 14.5785666569787 14.0000022582924 13.0960317223174 11.9253264640795 11.5582429396607 11.7097743210447 12.4193193845591 13.3475751883942 14.3143172427819 15.1305454629768 15.8249297698753 16.7242200362816 17.1105010659086 17.2594058694792 17.1602425561737 16.9286721157231 16.2939673688554 -10000 -10000 -10000 -10000 13.6368682245197 13.443801740982 13.9448980012788 14.1534538549026 14.5066407056805 14.7334746889249 14.445431955369 13.9451457452288 13.396271523369 12.0437654583193 11.1732480974001 10.2125518863579 9.77758413564697 10.3874865382984 11.4025635743723 12.4353652525912 13.6146946297341 14.5339292079349 15.4243965181007 16.2427374227279 16.9674263294843 17.6879967426824 18.3213993131588 18.865344616255 19.1163817008479 19.3334803328725 -10000 -10000 20.7232658369464
14.0523715929187 14.5665841351676 14.8001531559253 14.6750705022004 14.2809048304281 13.7989898393096 12.5219266366148 11.7296806540821 11.4387190264304 11.7033391916615 12.5490806204648 14.5831170418111 13.8490101288565 -10000 15.3379012382205 15.8253837501014 16.6947971012703 -10000 -10000 -10000 -10000 -10000 -10000 -10000 15.7793417332815 13.735010662463 13.3166876129894 13.2893140721076 13.7627561967382 14.0215429447447 14.1060173870319 13.9399098798695 13.5871886219296 12.4339250925721 11.8412143087834 11.1503330472675 10.6296825871423 10.3136084721805 10.8997348345262 11.7418999831069 12.7540871119056 13.9160072644559 14.8860134534898 15.8140806528278 16.9979373960941 17.4446867157111 18.2631048715112 18.8162997781724 19.2528759425389 19.5622268436856 19.7641145340662 20.5507669577098 19.7882698066904 19.6692088380118
13.8585010795292 14.1535287418501 14.3604413326782 14.2170178442181 13.946936986706 12.9390221008729 12.1957748043023 11.3810954812712 11.1768931315774 11.419251945107 12.0412982331657 12.6431785294628 -10000 13.9783085985069 14.6050373462866 15.0737576042355 -10000 -10000 -10000 -10000 -10000 -10000 -10000 14.9007116505547 14.6637506885611 13.796551974363 13.2999018467851 12.9597432663173 12.7341771263263 13.4232202793915 13.5183248015644 13.3959657950678 12.4475785717886 11.9947959042808 11.5121751835795 11.1551928190047 10.9994630345497 11.1110140350614 11.7733108496691 12.3212834870408 13.0712763775261 14.1119149798858 15.0955581775108 16.0341611718234 16.8164773077126 17.7388669374003 18.4604100969572 19.0172410741108 19.9187490109072 20.4745481165851 20.5595122255425 19.9054749560988 -10000 -10000
13.6548240661736 13.9817425355592 14.0025808217804 13.8406762293764 13.2096633794044 12.6856459638873 12.0106050570662 11.1080052084035 10.3772341680607 11.009125106141 11.4772361092283 -10000 -10000 12.9302799280016 13.6860952540407 14.0994925435295 -10000 -10000 -10000 -10000 -10000 15.29947503931 15.5223539081613 15.2486958999938 14.8106815991117 14.3393748081925 13.2912686706001 12.5356461404602 12.2375664676166 12.2290320496651 12.2594380416314 12.085474400889 11.8395205109206 11.5143244858839 11.4069870045567 11.5106027696006 11.4642392953932 12.012032695782 12.327657334625 12.6716697050931 13.2610586641481 14.1327155096823 15.153660084145 16.0906313357466 17.0992220598149 17.8194952341016 18.4951589275694 19.0219861069797 19.3371721596882 19.6265207639456 19.7090822811117 -10000 -10000 -10000
15.0879506556852 13.8606923148939 13.9653313057223 14.3410582778979 13.5646643057861 12.7778851784198 12.0327544366891 11.1243174739285 10.2999791858452 9.86962048302455 10.7602617983845 11.169166746298 11.4853384175419 11.869270354447 -10000 -10000 -10000 -10000 -10000 -10000 15.5357101136705 15.4594405210286 17.3738245025852 15.3931326730585 14.848798594667 14.3351028420247 13.0361974610939 12.3342019732407 11.8669849916851 11.5837752779403 12.1553949510958 11.3756614002994 11.185809323273 11.1643178921093 11.4634620742346 13.5958447024498 12.1519015299742 12.3649635015214 12.7921189079212 13.1618917355377 13.4484677674534 14.1672604939367 15.0462332718274 15.9684234942253 16.9935588049633 17.6016878515413 18.2766900891625 19.6512489581816 19.070377060875 -10000 -10000 -10000 -10000 -10000
14.2158753482024 14.3178198202514 14.2707558162345 14.173302477853 13.8626307570894 13.4516340304741 12.3963293026435 11.4312055181839 10.5176185816667 9.61573881119536 9.26359673827661 9.33131829852909 10.0072618107526 -10000 -10000 -10000 -10000 -10000 -10000 14.3146092897264 14.7654596386093 15.1703088340215 15.3625158902097 15.0991787173361 14.6644291043302 14.1434428615108 12.863825781891 12.1429411340901 12.6328000993408 11.0966976461177 10.9339994285003 10.6923084831644 10.6582235957652 10.8800075339598 11.291255826912 11.7043471563194 12.54214480213 12.6712552975173 13.2231205137514 14.9925192768576 13.7349673083739 14.1581998571112 15.0432191270037 15.6575513013268 16.7207459690936 17.3399750509538 17.7988979353147 18.2578566384814 18.5599810145561 18.7209830057537 -10000 -10000 -10000 -10000
14.9596355824039 14.804073206044 14.6406486952864 14.8772503342963 14.2365097188291 13.7451428132006 13.1265107650899 11.7740736056435 10.730356732554 9.60204456483431 -10000 -10000 -10000 -10000 -10000 -10000 -10000 -10000 12.5868727240009 13.2782451294896 14.3823811092076 14.6914899982206 14.7820524814254 14.6444116595018 14.3362471058664 13.1951918170196 12.5217260958834 11.7378753838198 11.1216294987763 10.7021877302282 10.5035595538163 10.3257770010346 10.2136158138177 11.239527553074 11.1927064266133 11.7795805108549 12.550640594687 13.0655072708061 13.5212253997123 14.009521032403 14.1523384456199 14.3309146843724 14.7138409644614 15.3433537422973 15.9853656514183 16.9479168808203 17.3540496803124 17.6093424644896 17.7302609606608 17.7228723166415 -10000 -10000 -10000 -10000
15.5438364953292 15.0893764284803 14.9057424960483 16.3524172939703 14.7520187330474 13.8507666917792 13.2144720742904 11.8239846509765 10.7531469081117 9.60663018214889 -10000 -10000 -10000 -10000 -10000 -10000 -10000 10.8941247995389 11.8651515272946 12.7851688800156 13.3060123860774 14.159220113328 14.2404318281277 14.1422837678671 13.2268080738277 12.6650437648281 11.964192148879 11.2129953572965 10.6303354312687 10.5374684224269 10.5541446814751 10.2923489114775 10.3315292148232 10.7693898436771 11.5856088514549 12.3013737343841 12.9828530033832 13.6364185804604 14.2967390767552 14.6527792943942 14.8474248399278 14.832288228891 14.8343517409606 15.0607213662665 15.5017374596974 16.0369541398213 16.765024846458 16.9991299551059 17.04874622501 16.619354216013 -10000 -10000 -10000 -10000
15.9755531514146 15.6869180416001 14.9267850086964 14.6880316218609 14.3555450198289 13.7345770369677 13.1083171899709 -10000 10.4768089875277 9.24483841238375 7.59890045687141 6.49481228101801 -10000 -10000 -10000 7.41457288135059 8.91945316857545 9.95418066685165 11.2049454425703 12.0442417146012 12.5965831556343 12.9663058807568 13.9673368241483 12.9609591205458 12.5767530534811 12.0194839976384 11.3319909457947 10.8010031290839 10.6220587854362 10.5379457367474 12.5571801198321 10.6213517356329 10.8437682111504 11.4596090728683 12.2015725352052 13.0034131608573 13.6894903144712 14.520940989566 15.1122127601945 15.4734961289752 15.6424413667904 15.5514780323178 15.3646866577587 15.2115128938388 15.1973829063816 15.4733322662971 15.7438131716026 16.0000672351987 16.1390963837688 16.6487621365837 -10000 -10000 -10000 -10000
16.2347338537658 15.5752042033299 14.9276581628813 14.450662033077 -10000 -10000 -10000 11.0847084848159 9.98146659385272 -10000 -10000 5.74428441796553 4.91559174540936 5.62618122863265 6.08632007812066 7.03966034986208 8.15363748638528 9.3180281773931 10.2134691324827 11.2464437353654 11.8331231290987 12.4692673343307 12.3659398122107 12.2088138848981 11.8347843012234 11.4242035349094 10.8540251098055 10.8082318805099 10.7597734704733 10.7382644952267 10.7544074169686 11.0070376302339 11.5044093052019 12.1728570654187 12.93019025288 13.7105888349118 14.6350339689195 15.3354798951501 15.8799153624304 16.2217150317201 16.7897847447048 16.3127252356001 16.0126794670844 15.8127690927467 15.5045652412198 15.3646216542334 15.156104638803 15.2776326794112 15.2685217690648 15.1042028398838 -10000 -10000 -10000 -10000
16.3422226385405 15.5857342889266 14.9583588467977 14.3383473578793 13.8423306619366 12.8883711918833 -10000 10.3995243588287 -10000 -10000 6.64690986048392 -10000 -10000 7.38461038317697 7.83597458172157 7.69439280262942 8.12946976478423 8.62155320674048 9.47906895651088 10.1286690258759 10.9960650014678 11.3571952049294 11.5088973630498 11.3647038401733 11.2251367201625 10.9393197730815 11.1486934668628 11.3684660065226 11.3597276643427 11.2517684714578 11.2842541637587 11.5361047379176 12.112190445677 13.0981608447052 13.7606794338834 14.5630569046947 15.2646322895381 15.9988928829587 16.4967828771458 17.2552263549443 17.4032174922882 17.2569662553096 16.5960881589642 16.2446683882026 15.8618849842124 15.466873024876 15.180280675657 14.6224256130878 14.4444551609513 -10000 -10000 -10000 -10000 -10000
16.2244435090332 15.6751868977757 15.1237536438588 14.7030828344066 -10000 -10000 -10000 -10000 8.97208318285193 -10000 -10000 -10000 -10000 -10000 -10000 9.15122710748368 -10000 8.86248357648833 8.98994304633 9.56703531571492 10.0105915474503 10.5925012018145 10.7246540873101 10.7934753759892 10.8732053007931 11.2860123176481 11.7314021433537 13.2622435736568 11.9874998822307 11.9063922131112 11.9081112547815 12.1223975152571 13.046147338685 13.6774179215224 14.3201782605921 14.9652201884892 15.8057019457353 16.4612413560861 17.4191873982897 17.7455197183718 17.8870123322815 17.7753747822175 17.499127288208 16.6659249936996 16.3049242026418 15.8525062613613 15.2701525824691 14.7693032190362 13.7717300246141 -10000 -10000 -10000 -10000 -10000
