data_gis/fral_40_popSize_lowLoss.asc
NCOLS 157 
NROWS 98 
XLLCORNER 84247.92649 
YLLCORNER -828428.80646 
CELLSIZE 20000 
NODATA_value -10000 
[rows 54 to 80 of 98, columns 61 to 121 of 157]
-10000 -10000 -10000 -10000 -10000 -10000 -10000 2.07944154167984 -10000 -10000 6.68486169642313 -10000 8.1958853913148 8.63621989783788 8.23244015847034 7.56320059235807 -10000 -10000 -10000 -9999 -9999 -0.693147180559945 0.693147180559945 1.7227665977411 2.2082744135228 1.70474809223843 0.693147180559945 -0.510825623765991 -9999 -9999 -9999 -9999 0.916290731874155 1.3609765531356 1.3609765531356 0.693147180559945 0.182321556793955 -0.105360515657826 0.993251773010283 2.2512917986065 6.87585172996913 3.02042488614436 3.42751468997953 4.48638664999812 8.31605572036464 4.76983680754333 3.95316494875932 3.45315712059287 2.36085400111802 1.16315080980568 -0.22314355131421 -9999 -9999 -10000 -10000 -10000 -9999 -10000 -10000 -10000 -10000
-10000 6.98286275146894 2.23001440015921 -10000 -10000 -10000 -10000 2.80336038090653 3.95124371858143 -10000 7.50604217851812 7.98786409608569 8.62694405537536 12.210303682058 8.62873456614915 7.6685611080159 -10000 -10000 1.62924053973028 -9999 -9999 -0.356674943938732 0.955511445027436 2.23001440015921 6.88058961090937 2.18605127673809 0.955511445027436 -0.22314355131421 -10000 -9999 -9999 -0.693147180559945 0.693147180559945 1.50407739677627 2.10413415427021 1.52605630349505 0.693147180559945 0.53062825106217 0.641853886172395 1.79175946922805 2.26176309847379 2.66025953726586 3.51749783735832 4.32015123095579 4.83071086190202 6.79849829304519 4.41400968052693 6.86055884415116 2.57261223020711 1.02961941718116 -0.22314355131421 -10000 -10000 -10000 -10000 -10000 -10000 -10000 -10000 -10000 -10000
-10000 -10000 1.6094379124341 -10000 -10000 -10000 -10000 -10000 6.76722804384516 -10000 7.93164402145431 8.14612951002541 8.46842302704681 8.60831278478372 8.1958853913148 7.44073370738926 6.65595501841812 3.23867845216438 1.48160454092422 -2.30258509299405 -9999 -0.693147180559945 0.641853886172395 1.70474809223843 2.21920348405499 1.66770682055808 0.693147180559945 -10000 -9999 -9999 -9999 -0.22314355131421 0.78845736036427 2.11625551480255 6.67203294546107 2.11625551480255 0.78845736036427 -0.356674943938732 0 0.741937344729377 1.6094379124341 2.76631910922619 3.90600493310258 4.59005654817804 4.98907111618042 4.8338981155962 4.46475803227135 3.74950407593037 2.71469474382088 1.54756250871601 -0.22314355131421 -10000 -10000 -10000 -10000 -10000 -10000 -10000 -10000 -10000 -10000
-10000 0.741937344729377 0.641853886172395 0.0953101798043249 -10000 -10000 -10000 -10000 7.27309259599952 8.04334217044161 8.49249057877587 -10000 8.13358741766097 7.96485088744731 7.41818082272679 6.88755257166462 4.04830062372069 2.56494935746154 0.916290731874155 -10000 4.60517018598809 -9999 -0.22314355131421 0.641853886172395 0.955511445027436 0.693147180559945 -0.22314355131421 -9999 -9999 -9999 -9999 -0.510825623765991 0.693147180559945 1.50407739677627 2.07944154167984 1.48160454092422 1.56861591791385 1.25276296849537 1.22377543162212 1.98787434815435 3.13983261752775 4.10594369806545 4.71402459090017 5.23271160945004 8.23004431012611 6.76676758568116 6.80250586826304 6.63634017899423 3.23867845216438 -10000 -10000 -10000 -10000 -10000 -10000 -10000 -10000 -10000 -10000 -10000 -10000
-0.356674943938732 -0.22314355131421 -0.356674943938732 -10000 -2.30258509299405 -10000 -10000 6.61405513420479 7.47193207824512 8.46947245520483 12.1040177713255 8.47135865507244 7.89506349809157 7.48211892355212 6.6866097303306 4.24420031776648 3.10906095886099 -10000 -10000 -9999 -9999 -9999 -9999 -0.693147180559945 -0.356674943938732 -0.693147180559945 -9999 -9999 -9999 -9999 -9999 -9999 0.182321556793955 0.693147180559945 0.78845736036427 1.62924053973028 1.85629799036563 1.98787434815435 2.79728133483015 3.83945231259331 4.68767140749983 5.35090981666721 5.69474173000405 6.89588510641165 7.67600993202889 7.89803969076462 7.65254569269392 -10000 -10000 -10000 -10000 -10000 -10000 -10000 -10000 -10000 -10000 -10000 -10000 -10000 -10000
1.43508452528932 -0.22314355131421 -9999 -10000 -1.6094379124341 -10000 3.13549421592915 6.47527862162712 7.26122509197192 8.01334318138667 8.46716225781067 8.0381891799732 7.32251043399739 6.56343230581621 4.21360798304892 -10000 -10000 -10000 -10000 -9999 -9999 -9999 -9999 -9999 -9999 -9999 -9999 -9999 -9999 -9999 -9999 -9999 -9999 -0.693147180559945 1.22377543162212 1.70474809223843 2.47653840011748 3.45315712059287 4.18357569595004 5.09067800176979 6.80660809697718 7.5740450053722 8.30819906320645 8.5099671463245 8.56731580081945 -10000 -10000 -10000 7.42297125104942 -10000 -10000 -10000 -10000 -10000 -10000 -10000 -10000 -10000 -10000 -10000 -10000
2.14006616349627 1.6094379124341 -0.105360515657826 -9999 -9999 0.53062825106217 2.43361335540045 3.77734810210154 6.74205482320442 7.26612877955645 7.49443021503157 7.29437729928882 6.77021586496008 4.10429489307527 -10000 -10000 -10000 -10000 -9999 -9999 -9999 -9999 -9999 -9999 -9999 -9999 -9999 -9999 -9999 -9999 -9999 -9999 -9999 -9999 0.741937344729377 1.80828877117927 3.22286784613774 7.33498187887181 5.13226278221795 7.03790596344718 8.02682357621763 8.78859343129374 9.06485206522758 9.3273230874618 -10000 -10000 12.3630934882108 8.84850930088808 -10000 -10000 -10000 -10000 -10000 -10000 -10000 -10000 -10000 -10000 -10000 -10000 -10000
2.77881927199042 2.09186406167839 0.262364264467491 -0.22314355131421 -9999 -1.6094379124341 -10000 2.68784749378469 3.73050112880476 6.48387158534995 -10000 -10000 -10000 -10000 -10000 -10000 -10000 -9999 -9999 -9999 -9999 -9999 -9999 -9999 -9999 -9999 -9999 -9999 -9999 -9999 -9999 -9999 -9999 -9999 0.641853886172395 1.88706964903238 3.41444260841218 4.70320392625946 6.77342356618685 8.14757773620177 8.95247596793358 9.56409104439767 9.76732412772326 9.9410723128634 12.2656614369418 9.54531148247113 9.21979553074694 -10000 -10000 -10000 -10000 -10000 -10000 -10000 -10000 -10000 -10000 -10000 -10000 -10000 -10000
6.42955817470787 2.47653840011748 1.1314021114911 -0.22314355131421 -0.356674943938732 -10000 0 1.3609765531356 2.37954613413017 -10000 -10000 -10000 -10000 -10000 -10000 -10000 -9999 -9999 -9999 -9999 -9999 -9999 -9999 -9999 -9999 -9999 -9999 -9999 -9999 -9999 -9999 -9999 -9999 -9999 -9999 2.02814824729229 3.6163087612791 4.99179220629478 7.54538974961182 8.49535649680706 9.36999018950572 12.1787682502027 12.2602340728892 12.2982460927468 9.83054044478006 -10000 -10000 -10000 -10000 -10000 -10000 -10000 -10000 -10000 -10000 -10000 -10000 -10000 -10000 -10000 -10000
2.82731362192903 2.45958884180371 2.2082744135228 2.10413415427021 -10000 -10000 0.641853886172395 0.262364264467491 0.470003629245736 -10000 -10000 -10000 -10000 -10000 -9999 -9999 -9999 -9999 -9999 -9999 -9999 -9999 -9999 -9999 -9999 -9999 -9999 -9999 -9999 -9999 -9999 -9999 -9999 -9999 -9999 1.85629799036563 3.8607297110406 6.51025834052315 7.76429600645052 8.7059937143079 9.43172237267073 9.69424690639091 9.94712158955619 9.71287169291735 -10000 -10000 -10000 -10000 -10000 -10000 -10000 -10000 -10000 -10000 -10000 -10000 -10000 -10000 -10000 -10000 -10000
2.81540871942271 3.08190996979504 3.00071981506503 4.7361984483945 2.47653840011748 2.26176309847379 1.64865862558738 -10000 -10000 -10000 -10000 -10000 -10000 -9999 -9999 -9999 -9999 -9999 -9999 -9999 -9999 -9999 -9999 -9999 -9999 -9999 -9999 -9999 -9999 -9999 -9999 -9999 -9999 -9999 -9999 2.21920348405499 3.75419892023458 6.60489188453469 7.49665243816828 8.69701161799207 12.0323500117996 9.32812340763257 -10000 -10000 -10000 -10000 -10000 -10000 -10000 -10000 -10000 -10000 -10000 -10000 -10000 -10000 -10000 -10000 -10000 -10000 -10000
3.11351530921037 6.57939009125482 3.79098467705109 3.32862668882732 3.05870707271538 7.00033446027523 -10000 -10000 -10000 -10000 -10000 -10000 -9999 -9999 -0.22314355131421 -0.105360515657826 -0.22314355131421 -9999 -9999 -9999 -9999 -9999 -9999 -9999 -9999 -9999 -9999 -9999 -9999 -9999 -9999 -9999 -9999 -9999 0 1.97408102602201 3.58073729549423 6.46178062753576 7.25347038268453 8.0245348716057 8.81892608709068 8.57583938684897 8.8934354408475 -10000 -10000 -10000 -10000 -10000 -10000 -10000 -10000 -10000 -10000 -10000 -10000 -10000 -10000 -10000 -10000 -10000 -10000
2.90690105984738 3.76120011569356 7.76174498465891 -10000 -10000 -10000 -10000 -10000 -10000 -10000 -10000 -0.693147180559945 -0.693147180559945 -0.105360515657826 0.587786664902119 0.741937344729377 0.53062825106217 0.916290731874155 0 -0.356674943938732 -9999 -9999 -9999 -9999 -9999 -9999 -9999 -9999 -9999 -9999 -9999 -9999 -9999 -9999 0.832909122935104 1.91692261218206 3.62700405039585 6.78942209202027 6.75437097208278 7.26122509197192 7.50218648660292 7.350516171834 6.95272864462487 -10000 -10000 -10000 -10000 -10000 -10000 -10000 -10000 -10000 -10000 -10000 -10000 -10000 -10000 -10000 -10000 -10000 -10000
2.46809953147162 3.00071981506503 3.48124008933569 -10000 -10000 -10000 -10000 -10000 -10000 -10000 0.182321556793955 0.693147180559945 1.09861228866811 1.1314021114911 1.6094379124341 2.24070968927596 1.97408102602201 1.66770682055808 1.38629436111989 0.53062825106217 0 -9999 -9999 -9999 -9999 -9999 -9999 -9999 -9999 -9999 -9999 -2.30258509299405 -0.510825623765991 0.470003629245736 1.28093384546206 2.57261223020711 3.37416870927424 4.26689632742025 4.85981240436167 6.50593352578877 6.62499441084942 6.48555084686967 4.51415078760092 -10000 -10000 -10000 -10000 -10000 -10000 -10000 -10000 -10000 -10000 -10000 -10000 -10000 -10000 -10000 -10000 -10000 -10000
-10000 2.14006616349627 2.31253542384721 1.98787434815435 1.70474809223843 -10000 -10000 -10000 -0.693147180559945 0.182321556793955 1.33500106673234 2.00148000021012 2.01490302054226 1.94591014905531 2.57261223020711 6.8798700754926 2.58776403522771 2.23001440015921 2.33214389523559 1.58923520511658 0.53062825106217 -0.356674943938732 -9999 -9999 -9999 -9999 -9999 -9999 -9999 -9999 -0.356674943938732 1.02961941718116 1.98787434815435 2.41591377830105 2.50143595173921 3.14845336057165 3.36729582998647 4.23988686751276 8.18535022317869 4.55702981066016 4.07923092441205 3.95316494875932 3.25809653802148 -10000 -10000 -10000 -10000 -10000 -10000 -10000 -10000 -10000 -10000 -10000 -10000 -10000 -10000 -10000 -10000 -10000 -10000
-9999 1.06471073699243 -10000 -10000 -9999 -9999 -9999 -9999 -0.693147180559945 0.693147180559945 1.91692261218206 6.59043840140067 2.55722731136763 2.30258509299405 2.33214389523559 2.66025953726586 2.26176309847379 2.52572864430826 6.64678004935892 2.11625551480255 0.78845736036427 0 -9999 -9999 -9999 -9999 -9999 -9999 -9999 -0.356674943938732 1.77495235091167 2.7408400239252 3.52929738428947 3.74242022104197 3.80220813942094 6.66937117825164 3.53805656437935 3.68887945411394 4.06216566385787 3.56104608260405 3.02529107579554 2.45958884180371 0.916290731874155 -10000 -10000 -10000 -10000 -10000 -10000 -10000 -10000 -10000 -10000 -10000 -10000 -10000 -10000 -10000 -10000 -10000 -10000
0.693147180559945 -10000 -10000 -9999 -10000 -10000 -9999 -9999 -0.693147180559945 0.182321556793955 1.68639895357023 2.37024374146786 2.47653840011748 2.70136121295141 2.39789527279837 2.02814824729229 1.87180217690159 1.93152141160321 2.15176220325946 1.58923520511658 0.53062825106217 -0.356674943938732 -9999 -9999 -9999 -9999 -9999 -9999 -0.510825623765991 1.75785791755237 3.05870707271538 4.03069453514564 6.63437051123118 6.78003553737977 6.63804409185159 4.26127043353808 3.60821155104648 3.1267605359604 2.89037175789616 2.54160199346455 1.98787434815435 -9999 -10000 -10000 -10000 -10000 -10000 -10000 -10000 -10000 -10000 -10000 -10000 -10000 -10000 -10000 -10000 -10000 -10000 -10000 -10000
-10000 1.06471073699243 -10000 -10000 -10000 -10000 -10000 -10000 -9999 -10000 1.09861228866811 1.82454929205105 2.50143595173921 6.95272864462487 2.66025953726586 2.00148000021012 1.82454929205105 0.53062825106217 0.78845736036427 0.53062825106217 0 -9999 -9999 -9999 -9999 -9999 -9999 -2.30258509299405 1.06471073699243 2.66722820658195 3.99083418585244 6.93634273583405 7.4500795698075 7.65444322647011 7.45645455517621 6.96696713861398 3.88977739648083 2.9704144655697 2.10413415427021 1.66770682055808 -9999 -9999 -10000 -10000 -10000 -10000 -10000 -10000 -10000 -10000 -10000 -10000 -10000 -10000 -10000 -10000 -10000 -10000 -10000 -10000 -10000
-10000 -10000 -10000 -10000 -9999 -10000 -9999 -9999 -10000 -10000 0.587786664902119 1.41098697371026 2.11625551480255 2.65324196460721 2.3887627892351 2.07944154167984 1.50407739677627 1.09861228866811 0 -0.356674943938732 -9999 -9999 -9999 -9999 -9999 -9999 -9999 -1.6094379124341 1.58923520511658 3.3499040872746 6.64222601117149 7.44600149832412 8.20794694104862 8.67197224520379 8.2337687092171 7.4599147662411 -10000 2.87919845729804 -10000 -10000 -9999 -9999 -10000 -10000 -10000 -10000 -10000 -10000 -10000 -10000 -10000 -10000 -10000 -10000 -10000 -10000 -10000 -10000 -10000 -10000 -10000
6.26072803403575 2.18605127673809 1.1314021114911 -10000 -10000 -9999 -9999 -10000 -9999 -9999 -0.105360515657826 1.38629436111989 2.11625551480255 2.3887627892351 2.63188884013665 2.77881927199042 2.06686275947298 1.1314021114911 0.336472236621213 -9999 -9999 -9999 -9999 -9999 -9999 -9999 -9999 -2.30258509299405 1.84054963339749 3.47815842279828 -10000 7.67415292128168 8.65416864644332 12.2569273437485 8.68185981297147 -10000 -10000 2.59525470695687 -0.105360515657826 -10000 -10000 -9999 -10000 -10000 -10000 -10000 -10000 -10000 -10000 -10000 -10000 -10000 -10000 -10000 -10000 -10000 -10000 -10000 -10000 -10000 -10000
-10000 1.87180217690159 -10000 -10000 -10000 -10000 -10000 -10000 -9999 -0.356674943938732 0.587786664902119 1.54756250871601 2.50143595173921 2.52572864430826 2.94443897916644 7.15461535691366 2.57261223020711 1.33500106673234 0.470003629245736 -9999 -9999 -9999 -9999 -9999 -9999 -9999 -9999 -2.30258509299405 1.62924053973028 -10000 6.68536144655847 7.49108759353488 8.23084356419823 8.67453876214002 -10000 -10000 -10000 -10000 -9999 -9999 -10000 -10000 -10000 -10000 -10000 -10000 -10000 -10000 -10000 -10000 -10000 -10000 -10000 -10000 -10000 -10000 -10000 -10000 -10000 -10000 -10000
1.79175946922805 -10000 -10000 -9999 -10000 -10000 -9999 -10000 -9999 -0.22314355131421 0.832909122935104 2.11625551480255 6.72779094176186 2.56494935746154 2.45100509811232 2.70136121295141 2.06686275947298 1.1314021114911 0.336472236621213 -9999 -9999 -9999 -9999 -9999 -9999 -10000 -10000 -10000 1.16315080980568 -10000 4.59814557105113 7.02019070831193 7.5522372875608 7.71779621101358 7.49665243816828 -10000 3.16124671203156 -10000 -9999 -9999 -9999 -10000 -10000 -10000 -10000 -10000 -10000 -10000 -10000 -10000 -10000 -10000 -10000 -10000 -10000 -10000 -10000 -10000 -10000 -10000 -10000
1.33500106673234 0.641853886172395 -10000 -10000 -10000 -9999 -9999 -9999 -9999 -0.356674943938732 0.641853886172395 1.54756250871601 2.15176220325946 2.07944154167984 1.79175946922805 1.58923520511658 -10000 -10000 -0.22314355131421 -0.105360515657826 -0.22314355131421 -9999 -9999 -10000 -9999 -9999 -10000 -9999 -0.693147180559945 3.2188758248682 4.24420031776648 5.26682669945667 9.0029471307532 6.94312242281943 6.71937540760422 -10000 -10000 -10000 -9999 -9999 -9999 -10000 -10000 -10000 -10000 -10000 -10000 -10000 -10000 -10000 -10000 -10000 -10000 -10000 -10000 -10000 -10000 -10000 -10000 -10000 -10000
1.96009478404727 1.33500106673234 -10000 -10000 -9999 -9999 -9999 -9999 -9999 -10000 -0.105360515657826 0.405465108108164 0.832909122935104 0.53062825106217 1.09861228866811 0.470003629245736 -10000 -10000 0.693147180559945 1.19392246847243 -10000 -10000 -9999 -10000 -10000 -10000 -10000 -9999 -10000 -10000 -10000 4.60416968565451 5.12574810119676 4.79744207363521 4.17130560335823 -10000 -10000 -2.30258509299405 -10000 -10000 -10000 -10000 -10000 -10000 -10000 -10000 -10000 -10000 -10000 -10000 -10000 -10000 -10000 -10000 -10000 -10000 -10000 -10000 -10000 -10000 -10000
2.7408400239252 2.31253542384721 1.45861502269952 0.832909122935104 -10000 -10000 -10000 -10000 -9999 -9999 -9999 -0.356674943938732 -0.22314355131421 -0.356674943938732 -9999 -10000 -10000 0.693147180559945 1.84054963339749 -10000 -10000 -10000 -10000 -10000 -10000 -10000 -9999 -10000 -10000 -9999 2.9704144655697 3.60004824040732 3.92986292355648 3.80888224650863 3.32862668882732 -10000 -10000 -10000 -10000 -10000 -10000 -10000 -10000 -10000 -10000 -10000 -10000 -10000 -10000 -10000 -10000 -10000 -10000 -10000 -10000 -10000 -10000 -10000 -10000 -10000 -10000
-10000 3.42751468997953 2.94443897916644 1.1314021114911 -10000 -10000 -10000 -10000 -9999 -9999 -9999 -9999 -9999 -9999 -10000 -9999 -10000 -10000 2.33214389523559 7.09754885061479 2.28238238567653 -10000 -10000 -10000 -10000 -10000 -9999 -9999 -9999 -10000 -10000 -10000 -10000 -10000 -10000 -10000 -10000 -10000 -10000 -10000 -10000 -10000 -10000 -10000 -10000 -10000 -10000 -10000 -10000 -10000 -10000 -10000 -10000 -10000 -10000 -10000 -10000 -10000 -10000 -10000 -10000
3.89385903480047 7.23777819192344 3.48124008933569 2.65324196460721 0.405465108108164 -10000 -10000 -9999 -9999 -9999 -9999 -9999 -9999 -9999 -9999 -10000 -10000 -10000 -10000 -10000 -10000 -10000 -10000 -10000 -9999 -10000 -9999 -10000 -10000 -10000 -10000 -10000 -10000 -10000 -10000 -10000 -10000 -10000 -10000 -10000 -10000 -10000 -10000 -10000 -10000 -10000 -10000 -10000 -10000 -10000 -10000 -10000 -10000 -10000 -10000 -10000 -10000 -10000 -10000 -10000 -10000
