data_gis/fral_20_popSize_lowLoss.asc
NCOLS 157 
NROWS 98 
XLLCORNER 84247.92649 
YLLCORNER -828428.80646 
CELLSIZE 20000 
NODATA_value -10000 
[rows 58 to 86 of 98, columns 0 to 65 of 157]
-10000 -10000 -10000 -10000 -10000 -10000 -10000 -10000 -10000 -10000 -10000 -9999 -9999 -9999 -9999 -10000 -9999 -9999 -9999 -9999 -0.510825623765991 0.693147180559945 0.741937344729377 -0.22314355131421 -9999 -9999 -9999 -9999 -9999 -9999 -9999 -9999 -9999 -9999 -9999 -9999 0.182321556793955 -10000 0.916290731874155 0.641853886172395 0.262364264467491 -9999 -10000 -9999 -9999 -10000 -10000 -10000 -10000 -10000 -9999 -9999 -9999 -9999 -9999 -9999 -9999 -9999 -0.693147180559945 -0.510825623765991 -0.693147180559945 -9999 -9999 -9999 -10000 -9999
-10000 -10000 -10000 -10000 -10000 -10000 -10000 -10000 -10000 -10000 -9999 -9999 -9999 -9999 -9999 -9999 -9999 -9999 -9999 -10000 -9999 -9999 -9999 -9999 -9999 -9999 -9999 -9999 -9999 -9999 -9999 -9999 -9999 -10000 -9999 -0.356674943938732 0.641853886172395 1.6094379124341 2.07944154167984 -10000 0.641853886172395 -10000 -10000 -9999 -9999 -10000 -10000 -10000 -10000 -10000 -9999 -9999 -9999 -9999 -9999 -9999 -9999 -0.22314355131421 0.182321556793955 0.641853886172395 0.182321556793955 -0.22314355131421 -9999 -9999 -10000 -9999
-10000 -10000 -10000 -10000 -10000 -10000 -10000 -10000 -9999 -10000 -9999 -9999 -9999 -9999 -9999 -9999 -9999 -9999 -9999 -9999 -9999 -9999 -9999 -9999 -9999 -9999 -9999 -9999 -9999 -9999 -9999 -9999 -9999 -9999 -9999 -0.356674943938732 0.8754687373539 2.17475172148416 6.6697518647609 2.21920348405499 -10000 -10000 -0.356674943938732 -0.22314355131421 -0.356674943938732 -10000 -10000 -10000 -10000 -10000 -9999 -9999 -9999 -9999 -9999 -9999 -0.693147180559945 0.262364264467491 1.33500106673234 1.96009478404727 1.3609765531356 0.262364264467491 -0.693147180559945 -9999 -9999 -9999
-10000 -10000 -10000 -10000 -10000 -10000 -10000 -10000 -10000 -9999 -9999 -9999 -9999 -9999 -9999 -9999 -9999 -9999 -9999 -9999 -9999 -9999 -9999 -9999 -9999 -9999 -9999 -9999 -9999 -9999 -9999 -9999 -9999 -9999 -9999 -0.356674943938732 1.43508452528932 2.02814824729229 2.45100509811232 -10000 -10000 0.916290731874155 0.470003629245736 1.33500106673234 1.19392246847243 -10000 -10000 -10000 -10000 -10000 -9999 -9999 -9999 -9999 -9999 -9999 -0.510825623765991 0.693147180559945 1.93152141160321 6.54907833237273 1.96009478404727 0.693147180559945 -0.510825623765991 -9999 -9999 -9999
-10000 -10000 -10000 -10000 -10000 -10000 -10000 -10000 -10000 -10000 -9999 -9999 -9999 -9999 -9999 -9999 -9999 -9999 -9999 -9999 -9999 -9999 -9999 -9999 -9999 -9999 -9999 -9999 -9999 -9999 -9999 -9999 -9999 -9999 -9999 -0.356674943938732 1.41098697371026 2.06686275947298 2.51769647261099 2.06686275947298 -10000 1.19392246847243 1.80828877117927 2.27212588550934 1.96009478404727 -10000 -10000 -10000 -10000 -10000 -10000 -9999 -9999 -9999 -9999 -9999 -0.693147180559945 0.262364264467491 1.3609765531356 1.93152141160321 1.41098697371026 0.182321556793955 -0.693147180559945 -9999 -9999 -9999
-10000 -10000 -10000 -10000 -10000 -10000 -10000 -10000 -10000 -9999 -9999 -9999 -9999 -9999 -9999 -9999 -9999 -9999 -9999 -9999 -9999 -9999 -9999 -9999 -9999 -9999 -9999 -9999 -10000 -10000 -10000 -9999 -9999 -9999 -9999 0.262364264467491 1.19392246847243 2.23001440015921 6.52956481300885 2.26176309847379 1.52605630349505 1.7404661748405 2.27212588550934 6.42129701166444 2.71469474382088 -10000 -10000 -10000 -10000 -10000 -10000 -10000 -9999 -9999 -9999 -9999 -9999 -0.22314355131421 0.0953101798043249 0.693147180559945 0.182321556793955 -0.22314355131421 -0.22314355131421 -0.22314355131421 -0.22314355131421 -10000
-10000 -10000 -10000 -10000 -10000 -10000 -10000 -10000 -9999 -9999 -9999 -9999 -9999 -9999 -9999 -9999 -10000 -10000 -10000 -9999 -9999 -9999 -9999 -9999 -10000 -9999 -9999 -9999 -10000 -10000 -10000 -10000 -9999 -9999 -9999 -0.22314355131421 0.832909122935104 1.70474809223843 2.10413415427021 1.87180217690159 1.6094379124341 1.66770682055808 1.97408102602201 2.81540871942271 6.41722235848391 -10000 -10000 -10000 -10000 -10000 -10000 -10000 -9999 -9999 -9999 -9999 -9999 -9999 -0.693147180559945 -0.510825623765991 -0.693147180559945 -0.22314355131421 0.741937344729377 0.993251773010283 0.693147180559945 -0.105360515657826
-10000 -10000 -10000 -10000 -10000 -10000 -10000 -9999 -9999 -9999 -9999 -9999 -9999 -9999 -9999 -9999 -10000 -10000 -10000 -10000 -9999 -9999 -9999 -9999 -9999 -9999 -0.356674943938732 -0.22314355131421 -10000 -10000 -9999 -9999 -9999 -9999 -9999 -9999 0.336472236621213 0.832909122935104 1.48160454092422 1.45861502269952 1.28093384546206 1.54756250871601 2.01490302054226 2.31253542384721 2.61006979274201 -10000 -10000 -10000 -10000 -10000 -10000 -10000 -9999 -9999 -9999 -9999 -9999 -9999 -9999 -9999 -0.22314355131421 0.641853886172395 1.54756250871601 2.11625551480255 1.54756250871601 0.741937344729377
-10000 -10000 -10000 -10000 -10000 -10000 -10000 -10000 -10000 -10000 -10000 -9999 -9999 -9999 -9999 -9999 -10000 -9999 -10000 -9999 -10000 -9999 -9999 -9999 -9999 0 1.09861228866811 1.38629436111989 1.06471073699243 -10000 -9999 -9999 -9999 -9999 -9999 -9999 -9999 0.53062825106217 -10000 -10000 1.7404661748405 1.48160454092422 2.01490302054226 2.21920348405499 2.47653840011748 2.01490302054226 -10000 -10000 -10000 -10000 -10000 -10000 -9999 -9999 -9999 -9999 -9999 -9999 -9999 -9999 -0.22314355131421 0.916290731874155 2.11625551480255 6.67796468494613 -10000 -10000
-10000 -10000 -10000 -10000 -10000 -10000 -10000 -10000 -10000 -9999 -10000 -9999 -10000 -9999 -10000 -10000 -9999 -9999 -10000 -10000 -9999 -9999 -9999 -9999 -0.22314355131421 -10000 1.88706964903238 -10000 1.88706964903238 1.1314021114911 -10000 -10000 -9999 -9999 -9999 -9999 -9999 -10000 -10000 1.7404661748405 6.20496172137039 1.90210752639692 1.56861591791385 2.34180580614733 6.68461172766793 2.37024374146786 -10000 -10000 -10000 -10000 -10000 4.33467293829041 -9999 -9999 -9999 -9999 -9999 -9999 -9999 -9999 -0.22314355131421 0.641853886172395 1.56861591791385 2.11625551480255 -10000 -10000
-10000 -10000 -10000 -10000 -10000 -10000 -10000 -10000 -9999 -10000 -9999 -9999 -9999 -9999 -10000 -9999 -9999 -9999 -10000 -9999 -10000 -9999 -9999 -9999 0.693147180559945 -10000 2.4423470353692 6.66491909432219 2.43361335540045 1.6094379124341 0.693147180559945 -9999 -9999 -9999 -9999 -9999 -9999 -0.105360515657826 0.693147180559945 1.33500106673234 1.7404661748405 1.48160454092422 1.3609765531356 1.70474809223843 2.3887627892351 2.17475172148416 -10000 -10000 -10000 -10000 -10000 5.20180646616719 4.62595272517062 -9999 -9999 -9999 -9999 -9999 -9999 -9999 -9999 -10000 0.641853886172395 0.916290731874155 0.587786664902119 -0.105360515657826
-10000 -10000 -10000 -10000 -10000 -10000 -10000 -10000 -9999 -9999 -9999 -9999 -9999 -10000 -9999 -9999 -9999 -10000 -9999 -9999 -10000 -9999 -9999 -10000 0.693147180559945 1.6094379124341 2.41591377830105 6.25536609089436 2.41591377830105 -10000 0.693147180559945 -10000 -9999 -10000 -9999 -9999 -9999 -9999 0.0953101798043249 0.693147180559945 0.78845736036427 0.693147180559945 0.78845736036427 1.48160454092422 2.05412373369555 2.37024374146786 2.43361335540045 -10000 -10000 -10000 -10000 5.92318570635469 5.20784546338396 4.34120464015363 -9999 -9999 -9999 -9999 -10000 -10000 -10000 -9999 -0.22314355131421 -10000 -10000 -9999
-10000 -10000 -10000 -10000 -10000 -10000 -10000 -9999 -10000 -10000 -9999 -9999 -10000 -10000 -9999 -9999 -10000 -9999 -10000 -10000 -10000 -10000 -9999 -10000 -10000 1.28093384546206 1.90210752639692 2.2512917986065 1.91692261218206 1.25276296849537 -0.22314355131421 -9999 -9999 -10000 -9999 -9999 -9999 -9999 -9999 -0.105360515657826 0.0953101798043249 -0.105360515657826 -0.356674943938732 1.38629436111989 2.23001440015921 2.9704144655697 6.65749743517636 -10000 -10000 -10000 10.4052623407817 6.34633786910009 5.40087395487313 4.4818719696436 -9999 -9999 -9999 -9999 -9999 -9999 -10000 -9999 -10000 -10000 -9999 -10000
-10000 -10000 -10000 -10000 -10000 -10000 -10000 -10000 -9999 -9999 -10000 -10000 -10000 -9999 -9999 -9999 -9999 -9999 -10000 -10000 -10000 -9999 -10000 -9999 -10000 -10000 1.16315080980568 1.3609765531356 1.16315080980568 -0.105360515657826 -9999 -9999 -9999 -9999 -10000 -9999 -9999 -9999 -9999 -9999 -9999 -9999 -0.356674943938732 1.16315080980568 2.31253542384721 6.61940631754265 2.85647020622048 4.53152364581979 5.23537756677416 5.93938146723776 6.35315190787025 5.93304062697027 5.20125565370491 4.34120464015363 -9999 -9999 -9999 -9999 -10000 -10000 -10000 -10000 -9999 -10000 -10000 -10000
-10000 -10000 -10000 -10000 -10000 -10000 -9999 -10000 -10000 -9999 -9999 -10000 -10000 -9999 -9999 -9999 -9999 -9999 -10000 -10000 -9999 -10000 -10000 -9999 -10000 -10000 -10000 -10000 -10000 -9999 -9999 -10000 -9999 -10000 -9999 -9999 -9999 -9999 -9999 -9999 -9999 -9999 -0.356674943938732 0.693147180559945 1.7227665977411 2.31253542384721 2.05412373369555 1.50407739677627 4.69501088998788 5.19960139360888 5.40357787720553 5.21439213161028 4.63763737612559 -9999 -9999 -9999 -9999 -9999 -9999 -10000 -10000 -10000 -10000 -10000 -10000 -9999
-10000 -10000 -10000 -10000 -10000 -10000 -10000 -10000 -10000 -9999 -9999 -10000 -10000 -10000 -9999 -9999 -9999 -10000 -10000 -10000 -10000 -9999 -9999 -10000 -9999 -10000 -9999 -10000 -10000 -9999 -9999 -9999 -10000 -9999 -9999 -9999 -9999 -9999 -9999 -9999 -9999 -9999 -9999 -0.105360515657826 0.641853886172395 1.28093384546206 1.09861228866811 0.693147180559945 -9999 4.34380542185368 4.49980967033027 4.36054760299676 -9999 -9999 -9999 -9999 -9999 -9999 -9999 -9999 -9999 -9999 -9999 -9999 -10000 -10000
-10000 -10000 -10000 -10000 -10000 -10000 -9999 -10000 -10000 -10000 -10000 -10000 -10000 0.405465108108164 -0.693147180559945 -9999 -9999 -9999 -10000 -10000 -9999 -9999 -9999 -10000 -10000 -10000 -10000 -10000 -10000 -10000 -9999 -9999 -10000 -9999 -9999 -9999 -9999 -9999 -9999 -9999 -9999 -9999 -9999 -9999 -0.356674943938732 -0.356674943938732 -0.356674943938732 -9999 -9999 -9999 -9999 -9999 -9999 -9999 -9999 -9999 -9999 -9999 -9999 -9999 -9999 -10000 -9999 -10000 -10000 -10000
-10000 -10000 -10000 -10000 -10000 -10000 -10000 -10000 -10000 -10000 0.405465108108164 -10000 -10000 -10000 0.405465108108164 -0.693147180559945 -9999 -10000 -9999 -10000 -10000 -10000 -9999 -10000 -10000 -9999 -9999 -10000 -10000 -10000 -9999 -10000 -9999 -9999 -9999 -9999 -9999 -9999 -9999 -9999 -9999 -9999 -9999 -9999 -9999 -9999 -9999 -9999 -9999 -9999 -9999 -9999 -9999 -9999 -9999 -9999 -9999 -9999 -9999 -0.356674943938732 -0.356674943938732 -0.356674943938732 -10000 -10000 -9999 -10000
-10000 -10000 -10000 -10000 -10000 -10000 -10000 -9999 -10000 -10000 0.587786664902119 1.79175946922805 6.34458317484394 1.75785791755237 0.641853886172395 -10000 -10000 -10000 -10000 -10000 -9999 -10000 -10000 -10000 -10000 -10000 -10000 -10000 -10000 -10000 -10000 -9999 -9999 -10000 -9999 -9999 -9999 -9999 -9999 -9999 -9999 -9999 -9999 -9999 -10000 -9999 -9999 -9999 -9999 -9999 -9999 -9999 -9999 -9999 -9999 -9999 -9999 -9999 -0.105360515657826 0.182321556793955 0.262364264467491 0.182321556793955 -0.105360515657826 -10000 -10000 -10000
-10000 -10000 -10000 -10000 -10000 -10000 -9999 -10000 -10000 -0.693147180559945 0.405465108108164 1.22377543162212 1.79175946922805 1.25276296849537 -10000 -10000 -10000 -10000 -10000 -9999 -10000 -10000 -10000 -10000 -10000 -10000 -10000 -9999 -9999 -9999 -10000 -10000 -9999 -9999 -9999 -9999 -9999 -9999 -9999 -9999 -9999 -9999 -9999 -9999 -9999 -9999 -9999 -9999 -9999 -10000 -9999 -9999 -9999 -9999 -9999 -9999 -9999 -0.356674943938732 0.182321556793955 0.916290731874155 1.28093384546206 1.25276296849537 0.78845736036427 -10000 -10000 -9999
-10000 -10000 -10000 -10000 -10000 -10000 -10000 -10000 -10000 -10000 -10000 -10000 0.587786664902119 -10000 -0.693147180559945 -10000 -9999 -10000 -9999 -10000 -10000 -10000 -10000 -10000 -10000 -10000 -10000 -10000 -10000 -10000 -10000 -10000 -9999 -9999 -9999 -9999 -9999 -9999 -9999 -9999 -9999 -9999 -9999 -9999 -9999 -9999 -9999 -9999 -9999 -9999 -9999 -9999 -9999 -9999 -9999 -9999 -9999 -0.356674943938732 0.262364264467491 1.28093384546206 5.89385171824098 1.79175946922805 1.45861502269952 0.8754687373539 0.0953101798043249 -10000
-10000 -10000 -10000 -10000 -10000 -10000 -10000 -10000 -10000 -9999 -9999 -10000 -10000 -10000 -10000 -10000 -9999 -10000 -10000 -10000 -10000 -10000 -10000 -10000 -10000 -10000 -10000 -10000 -10000 -10000 -10000 -10000 -9999 -9999 -9999 -9999 -9999 -9999 -9999 -9999 -10000 -9999 -9999 -9999 -9999 -9999 -9999 -9999 -9999 -9999 -9999 -9999 -9999 -9999 -9999 -9999 -9999 -0.356674943938732 0.182321556793955 1.48160454092422 -10000 -10000 2.484906649788 1.94591014905531 0.53062825106217 -10000
-10000 -10000 -10000 -10000 -10000 -10000 -10000 -10000 -10000 -10000 -10000 -10000 -10000 -10000 -10000 -10000 -10000 -10000 -10000 -10000 -10000 -10000 -10000 -10000 -10000 -10000 -10000 -10000 -10000 -10000 -10000 -10000 -9999 -9999 -9999 -10000 -9999 -10000 -10000 -9999 -9999 -9999 -9999 -9999 -9999 -9999 -9999 -10000 -9999 -10000 -9999 -9999 -9999 -9999 -9999 -9999 -9999 -9999 0.336472236621213 1.1314021114911 2.05412373369555 2.75366071235426 6.48798838616311 2.52572864430826 1.56861591791385 0
-10000 -10000 -10000 -10000 -10000 -10000 -10000 -10000 -10000 -10000 -10000 -10000 -10000 -10000 -10000 -10000 -10000 -9999 -10000 -10000 -10000 -10000 -10000 -10000 -10000 -10000 -10000 -10000 -10000 -10000 -10000 -10000 -10000 -10000 -10000 -9999 -9999 -9999 -9999 -9999 -9999 -10000 -9999 -9999 -10000 -9999 -9999 -10000 -10000 -9999 -9999 -9999 -9999 -9999 -9999 -9999 -9999 -9999 -0.356674943938732 1.45861502269952 2.14006616349627 5.81472736860793 3.10906095886099 2.56494935746154 1.7404661748405 0.78845736036427
-10000 -10000 -10000 -10000 -10000 -10000 -10000 -10000 -10000 -9999 -10000 -10000 -10000 -10000 -10000 -10000 -10000 -10000 -10000 -10000 -10000 -10000 -10000 -10000 -10000 -10000 -10000 -10000 -10000 -10000 -10000 -10000 -9999 -10000 -10000 -10000 -10000 -10000 -10000 -9999 -9999 -10000 -9999 -9999 -10000 -9999 -10000 -10000 -9999 -9999 -9999 -9999 -9999 -9999 -9999 -9999 -9999 -9999 -0.693147180559945 0.693147180559945 1.91692261218206 2.69462718077007 6.71889237414476 2.52572864430826 -10000 -10000
-10000 -10000 -10000 -10000 -10000 -10000 -10000 -10000 -10000 -10000 -10000 -10000 -10000 -10000 -10000 -10000 -10000 -10000 -10000 -10000 -10000 -10000 -10000 -10000 -10000 -10000 -10000 -10000 -10000 -10000 -10000 -10000 -10000 -10000 -10000 -10000 -10000 -9999 -10000 -9999 -9999 -10000 -9999 -10000 -9999 -10000 -9999 -10000 -10000 -9999 -9999 -9999 -9999 -9999 -9999 -9999 -9999 -9999 -9999 0.336472236621213 1.06471073699243 2.07944154167984 2.39789527279837 2.02814824729229 0.693147180559945 -0.693147180559945
-10000 -10000 -10000 -10000 -10000 -10000 -10000 -10000 -10000 -10000 -10000 -10000 -9999 -9999 -9999 -10000 -10000 -10000 -9999 -10000 -10000 -10000 -10000 -10000 -10000 -10000 -10000 -10000 -10000 -10000 -10000 -10000 -10000 -10000 -10000 -10000 -10000 -10000 -10000 -9999 -10000 -10000 -10000 -9999 -10000 -10000 -10000 -9999 -9999 -10000 -9999 -10000 -9999 -9999 -9999 -9999 -9999 -9999 -9999 -9999 0.470003629245736 0.955511445027436 1.02961941718116 0.641853886172395 0.0953101798043249 -9999
-10000 -10000 -10000 -10000 -10000 -10000 -10000 -10000 -10000 -10000 -10000 -10000 -10000 -10000 -10000 -10000 -10000 -10000 -0.510825623765991 -10000 -10000 -10000 -10000 -10000 -10000 -10000 -10000 -10000 -10000 -10000 -10000 -10000 -10000 -10000 -10000 -9999 -10000 -10000 -10000 -10000 -10000 -10000 -9999 -10000 -10000 -10000 -9999 -9999 -9999 -10000 -9999 -9999 -9999 -9999 -9999 -9999 -9999 -9999 -9999 -9999 -9999 -0.693147180559945 0.0953101798043249 -0.693147180559945 -10000 -9999
-10000 -10000 -10000 -10000 -10000 -10000 -10000 -10000 -10000 -10000 -10000 -10000 -10000 -10000 -10000 -10000 -10000 -10000 -10000 0.78845736036427 0.587786664902119 -10000 -10000 -10000 -10000 -10000 -10000 -10000 -10000 -10000 -10000 -10000 -10000 -10000 -10000 -10000 -10000 -10000 -10000 -10000 -10000 -10000 -10000 -10000 -10000 -10000 -10000 -10000 -9999 -9999 -10000 -9999 -9999 -9999 -9999 -9999 -9999 -9999 -9999 -9999 -10000 -9999 -10000 -10000 -10000 -10000
