data_gis/fral_100_popSize_highRes.asc
NCOLS 157 
NROWS 98 
XLLCORNER 84247.92649 
YLLCORNER -828428.80646 
CELLSIZE 20000 
NODATA_value -10000 
[rows 48 to 71 of 98, columns 0 to 53 of 157]
-10000 -10000 -10000 -10000 -10000 -9999 -10000 -10000 -10000 -10000 -0.510825623765991 1.58923520511658 2.71469474382088 3.94545778151438 4.67656018207476 5.18009673516061 5.46763811116474 6.05232443536474 6.95177216439891 -10000 8.70466811345099 9.75033637304195 10.4447647837579 10.8145044019076 11.0976372679133 11.2128198725194 11.0838180674891 10.6221562703262 9.81967106644302 9.34801317710126 8.24931374626064 8.63817111796914 9.46273199764938 10.1808541024604 11.4810219159572 11.8103375469765 11.9365513303676 11.8174646544884 11.4896977788509 10.2309190445052 9.46931428029122 8.5197898172635 7.37462901521894 6.25919898175007 5.33561315129173 4.19116874685764 -10000 0 -10000 -10000 -10000 -10000 -10000 3.21084365317094
-10000 -10000 -10000 -10000 -10000 -9999 -9999 -10000 -10000 -0.693147180559945 1.79175946922805 3.10009228887823 4.64246597073179 5.44241771052179 5.99146454710798 6.1459009004124 6.55436066316497 7.10496544826984 7.9402277651457 8.73809423017767 9.72142596194803 10.5884261345462 11.1163061175061 11.6208736297743 12.6357489495533 12.6830115450968 12.5499459976317 11.2352861283431 10.5722908097066 9.63207245254822 9.23912217340163 9.06392635352065 9.7697275623566 11.2895818936534 11.8122964550668 12.2605371562916 12.5325414427451 12.2696153585153 11.8189458578499 11.3165942293072 9.86011021256656 9.00920290092459 8.17075142375753 7.28824440102012 6.61860546325532 -10000 -10000 -10000 -10000 -10000 -10000 -10000 -10000 5.04342511691925
-10000 -10000 -10000 -10000 -10000 -10000 -10000 -10000 -10000 1.52605630349505 3.05870707271538 4.90007610352919 5.82334170971384 6.5266412617378 6.97634807044775 7.38274644973891 7.69348164083518 8.16933639592839 8.78706764521805 9.58479629321 10.474947209839 11.1588756438082 11.7949943127121 12.8756082539649 13.1575065579398 13.2784521778618 -10000 12.7110693138957 11.0520163549308 10.2574839122691 9.41189249704692 9.29210467377882 9.89993123633335 11.4070314737063 11.9499796753249 12.5482251474266 14.5992490748059 12.5676381113483 11.9689252464524 11.4266265613839 10.068832485123 9.35962207469194 8.83956650365795 8.28752842311176 7.75662333453886 -10000 -10000 -10000 -10000 -10000 -10000 -10000 -10000 7.00488198971286
-10000 -10000 -10000 -10000 -10000 -10000 -10000 -9999 0.741937344729377 2.61739583283408 4.60316818331742 5.79939563885915 6.66415388576553 7.39264752072162 8.70417055974639 8.93141980519298 9.10097183492082 9.0259366489779 9.50822026940441 10.3068504525524 11.1223686735952 11.7208497891437 12.8363811926578 13.256007513673 -10000 13.9228346445543 13.6536231936931 -10000 12.512000987723 10.3045429521556 9.59253685314499 9.23483784357657 9.77622220149025 11.3158638046545 -10000 12.325054961762 12.6251283154902 12.3499435259497 11.8545273794114 11.3448972696517 10.0518644532771 9.66940943616914 9.30182506209836 9.03824633533766 8.46041117731725 -10000 -10000 -10000 -10000 -10000 -10000 9.61159663531029 -10000 8.26436332973167
-10000 -10000 -10000 -10000 -10000 -10000 -10000 -1.6094379124341 1.56861591791385 3.85227300102237 5.37805233456689 6.46458830368996 7.41577697541539 8.85765744930699 9.30063800995696 9.60837796425555 -10000 10.1760686774527 10.3459593862734 11.0519687883574 11.6264148516498 12.1739006318238 13.2117432805534 13.6031672237723 14.0533724609733 15.9708396481265 -10000 -10000 -10000 10.2573435269111 9.33811774191801 9.20140053040671 9.37543099184177 10.0844331631502 11.5408907652519 11.9150516718129 -10000 -10000 11.5329045472855 10.3089193267554 10.0249526898173 10.7652798590738 10.8213570375235 10.9569804315643 -10000 9.5159114772637 -10000 -10000 -10000 -10000 -10000 10.8196982812101 -10000 9.29468152040993
-10000 -10000 -10000 -10000 -10000 -10000 -10000 -1.20397280432594 2.30258509299405 4.44851637594271 5.87239943994904 6.98286275146894 8.67522205564115 9.28266103355581 9.8501922554779 10.460614531669 10.5694690650233 10.6716262433864 11.148794220355 11.5104824833191 11.9668695777316 12.7321848321538 13.376558984434 13.6901241900974 13.9932198278304 14.2085291957871 -10000 -10000 12.6367245530414 -10000 9.20733586295588 8.86149186428691 -10000 9.42399908407918 9.97622673117643 -10000 -10000 -10000 -10000 9.94640335351296 10.9461465832251 11.2463523557287 11.5099209559499 11.491844821359 -10000 10.1868603533998 -10000 -10000 -10000 -10000 11.7523910836493 11.7233727588232 11.3071305519906 10.6209126255556
-10000 -10000 -10000 -10000 -10000 -10000 -10000 -10000 -10000 4.94449549159171 -10000 7.30114780585603 8.84563325634019 9.48948611340568 10.3704553282382 12.2899173472252 10.9135418142224 11.1987762063033 11.4394619005259 11.7621577270468 12.5261505115727 13.1388192340355 13.2406671663341 13.7857974638203 13.8634708540789 -10000 -10000 -10000 -10000 -10000 -10000 9.11515018497243 -10000 -10000 -10000 -10000 9.60211215295234 9.55979934329461 9.43252346219527 10.7694739745005 11.2276804205519 -10000 12.1320654375303 -10000 -10000 -10000 -10000 -10000 -10000 -10000 13.6977985197875 12.3904878424626 11.9988085949281 11.4056074791616
-10000 -10000 -10000 -10000 -10000 -10000 -10000 -10000 -10000 -10000 6.44158429575658 -10000 8.91637191488169 9.49784742911368 10.2943465082549 10.6857210392638 10.9531721675808 12.6114910858827 11.5283656494581 11.8503900661776 13.3737164716044 12.9225969396446 13.3013660996211 14.9895802887941 13.7227612962083 13.538012452437 -10000 11.3701860944518 -10000 9.48158813796454 -10000 9.97743479748821 -10000 -10000 10.2453736790014 -10000 9.28349789259391 8.87346805533363 9.11515018497243 10.8155493550802 11.3700130651114 -10000 14.3583620353838 12.3698355509689 13.4110414536796 -10000 -10000 -10000 -10000 -10000 14.1582864561266 13.8213733382327 12.5061920526856 11.9643067700879
-10000 -10000 -10000 -10000 -10000 -10000 -10000 -10000 -10000 -10000 7.04403289727469 7.97522083865341 8.62497078358967 9.46032057724395 10.1148823568158 10.4291032617748 10.7045694326976 11.1073753532494 11.2880679456517 11.6705529508394 12.3902216981027 12.7041625127442 13.0398422676948 13.2620540128894 13.1166028171913 12.8268534134639 -10000 -10000 -10000 10.2368836340686 -10000 11.0976978583673 11.207174461502 -10000 10.9684568767816 -10000 10.1588659339837 -10000 9.25301664625662 10.7845862452413 -10000 11.9271652956831 12.2999636369447 -10000 12.0473640943704 -10000 -10000 -10000 -10000 -10000 14.6073585273481 14.1202709619508 13.6697619814012 12.3092427640187
-10000 -10000 -10000 -10000 -10000 -10000 -10000 -10000 -10000 -10000 8.0381891799732 8.8427489162961 9.34066663365176 9.68371331869152 9.99058225938706 10.2905510514637 10.3792868543784 10.4153526358768 10.9034574490752 11.2583299455062 11.6176007459084 12.3588795657739 12.6355309346916 12.7559843580034 12.7511547579743 12.5578556433885 -10000 11.2087480899892 10.7991060791407 11.1063096951047 11.5551416871033 11.871725150047 12.5062587161426 12.558713463313 12.399935675879 11.4383635436433 10.9299770767084 -10000 9.94083150567655 9.89762037425808 -10000 11.7388491481341 -10000 12.4683676768319 12.3459258880852 -10000 -10000 -10000 -10000 17.1665888328038 14.8662940701816 14.2477590995029 13.7463855348885 12.4375057434179
-10000 -10000 -10000 -10000 -10000 -10000 -10000 -10000 -10000 -10000 -10000 9.7974601478906 10.2189914827211 10.7525695347168 10.8032016480055 -10000 10.2491318823258 10.0965017388688 10.2312793659158 10.7072812531831 11.1362664487037 11.5921894079468 12.2550056566394 12.5196234679199 12.6186325261142 12.3248418614176 12.1327920233358 11.8025606288965 11.6116751773402 11.8325712126274 12.2185544230322 12.8862308331761 13.0973696194743 13.1277269676032 12.9577056918092 12.5874158115179 11.5528094196687 -10000 10.4038991379532 10.1128566704285 11.158989623406 12.3667022914551 -10000 13.1678471290304 12.9818522544635 -10000 -10000 -10000 -10000 -10000 14.6227736139158 14.1225870861863 13.6681885098705 12.3439981200213
-10000 -10000 -10000 -10000 -10000 -10000 -10000 -10000 -10000 -10000 10.0607049537342 10.6212297799515 11.2384623031327 11.4345422129715 11.4519539079787 11.2454772993493 10.8847229730507 10.0618578885076 9.76841211133904 -10000 10.7073260149387 11.4196033077389 12.0205078350702 12.434442515816 12.7126372038375 12.8074361707823 12.7026695190454 12.4758745665443 12.344159272304 12.460517169945 13.0052383751964 13.6758978544524 13.9043004358166 -10000 13.45335921733 13.0156241339602 12.5008929302165 11.5262759493384 11.0207416643089 -10000 12.4304434434691 -10000 -10000 13.927784222647 13.8635309020888 -10000 -10000 -10000 -10000 -10000 14.1921247865278 13.8373659787981 12.5600795333706 12.1105414413018
-10000 -10000 -10000 -10000 -10000 -10000 -10000 -10000 8.8532367647459 -10000 10.7043449859579 11.4372855507615 12.2136885706088 12.3952498154811 12.411699674418 11.7956427331525 11.3149256439897 10.7758472953043 9.96340604274737 10.064202355576 10.8694442554251 11.6915401598329 12.3785122024697 12.8978113346316 13.6519145780677 14.032876651866 13.7076201782306 13.0362890158241 12.8261355605392 12.8830269258828 13.7069571727412 14.0275235942819 14.2689801248308 15.3110903969902 14.0271198446643 13.2845655567421 12.765371240308 12.0507571208678 11.7995544831549 12.529618842551 -10000 -10000 14.4230176027716 15.1001483686035 15.1384885841061 -10000 -10000 -10000 -10000 -10000 13.742470937996 12.4724710695151 12.1732033195469 11.8542288698249
-10000 -10000 -10000 -10000 -10000 -10000 -10000 -10000 -10000 10.4745518412939 11.2077445095643 12.3143843022843 12.6202265630352 12.811696499895 13.7349304559202 12.5356245633147 11.6536955946059 11.0506677584564 10.2556222049326 10.3961084716473 11.2324308341984 12.07266695929 12.7925334318436 13.754018059652 14.0903231730559 14.2135347174178 14.1404703514128 13.9098293374027 13.2247466655152 13.5284669483184 13.9547158236846 14.3263927801285 14.551870472947 14.4381215338539 14.119902243979 13.6676657873669 12.951669951091 12.3387267784749 12.5451450701592 -10000 -10000 14.5897431331799 15.4520401541344 15.6837411335152 15.7769876256538 -10000 -10000 -10000 -10000 -10000 11.8982082737159 12.0880489559189 11.9975898482396 11.96012095489
-10000 -10000 -10000 -10000 -10000 -10000 -10000 -10000 -10000 -10000 12.0612607234448 12.5710698630825 12.9491403035956 13.1943137378728 13.0569647531508 12.7232788699004 12.2678448439228 11.2227736786175 10.4175379710577 10.6856295584176 11.5326104382866 12.3598318201578 13.5229579771528 14.0397638932404 14.4691765114401 14.7270247000755 14.5304627714322 14.2317190816907 13.9002055040984 13.6841813102663 13.9793957037634 14.4756034140571 16.0432093760055 14.4588422989395 14.0606895361391 13.6611115139639 12.7850988269854 12.6488817067788 13.1231890364541 13.7719755114445 -10000 15.4352902097897 15.7868616109987 16.0644465311603 16.2706778442105 -10000 -10000 -10000 -10000 -10000 -10000 12.3153843449703 12.4995628182649 12.5904434925422
-10000 -10000 -10000 -10000 -10000 -10000 -10000 -10000 -10000 10.8654779636613 12.1371029880595 12.5796789417346 13.1927025422316 14.87014483546 13.2040871328634 12.7883189911678 12.3453301128531 11.0266786261783 10.4084057618377 10.8001060486128 11.6179609278041 12.401984764176 13.629633889242 14.1574492548011 14.7111401100915 16.3796488173439 14.8212678836483 14.379356244395 -10000 -10000 -10000 14.1872437551794 14.4060102060638 14.2008858775494 13.8523254949419 13.3838934478749 12.779684318251 12.9215706744996 14.0535332635994 14.0644645359063 14.8384390694473 15.5814796289224 15.9428236277109 16.3073029465464 17.8818228621831 -10000 -10000 -10000 -10000 -10000 -10000 -10000 13.4185521649398 13.5043100832672
-10000 -10000 -10000 -10000 -10000 -10000 -10000 -10000 9.83697374847779 10.7369617331874 12.0055586044637 12.4672977999196 12.8444969732738 13.1544781337115 12.9872123882268 12.6689509498333 -10000 -10000 -10000 10.5984830239537 11.542503684499 12.2801359738302 13.5443459841154 14.0424078551507 -10000 14.7848095927578 14.6157765574604 14.3166815251611 -10000 -10000 -10000 -10000 13.8281868729147 13.6799336461196 13.4271267305865 12.8155827497394 12.722425963406 13.0090871707203 13.6855556193398 14.4139876538153 15.0322433068362 15.6396084578306 15.9470606803454 16.9968013104892 16.4962248477047 -10000 -10000 -10000 -10000 -10000 -10000 -10000 14.890726268826 14.3586043201125
-10000 -10000 -10000 -10000 -10000 -10000 -10000 8.55891078476811 9.57157490517093 10.4762733764249 11.1445682626859 12.1724951792642 12.4682868987465 12.6178246165032 12.5352756681758 12.2759671104596 -10000 -10000 -10000 -10000 11.2127253679595 11.9589693380207 12.6852930445597 13.7431946713732 14.1296831380193 14.3036647152473 14.2733524066535 14.0310073471724 -10000 -10000 12.2948890591273 13.1704065960127 13.2582430107522 13.1905433852738 12.6199786951112 12.5280365723334 12.7564919897966 13.3946231349686 14.1774089359872 14.8882691685997 15.3039769569449 15.5383044767607 15.8216585649769 15.9740213336459 16.0133040845293 -10000 -10000 -10000 -10000 -10000 -10000 -10000 15.8893681634501 15.5121927535966
-10000 -10000 -10000 -10000 -10000 -10000 -10000 -10000 -10000 -10000 -10000 11.5072594433436 12.1291592032612 12.1575649414651 12.0527291398502 11.1114623382414 -10000 9.66026883679087 -10000 9.4535218170269 -10000 11.5973769014397 12.1520123686802 12.830611702007 13.716701865495 13.8880367798103 13.8836597403123 13.1721758759547 12.642480710764 -10000 11.4935897286635 11.8257927116108 12.1019114104478 12.2251936680376 12.4002321893767 12.658640781107 13.2059855174135 14.0015344194292 -10000 -10000 15.4339898734503 15.5786609971077 15.5869108450482 15.7355206049929 15.628262958867 15.4932211359326 -10000 -10000 -10000 -10000 -10000 -10000 16.6724310076375 16.3108194166912
-10000 -10000 -10000 -10000 -10000 -10000 -10000 -10000 -10000 11.6018974187725 -10000 11.8920534423423 -10000 11.204251258039 -10000 -10000 9.70026917002919 8.53286967080125 -10000 -10000 9.82827897493837 10.931534305157 11.6436729862181 12.2493141107692 12.6853797380395 -10000 14.1903240002063 -10000 12.1593006934 11.5230341991185 -10000 -10000 11.5313644177868 12.1152339537062 12.904498370032 13.1474539595748 13.7060773155581 -10000 -10000 15.5382626913151 16.3230657000312 15.5997698040391 15.502287032857 15.3867623738447 15.1335884425532 14.9434579992708 -10000 -10000 -10000 -10000 -10000 18.268785465461 17.247548315124 16.8892759829239
-10000 -10000 -10000 -10000 -10000 -10000 -10000 -10000 12.1857525843882 -10000 12.4313938240922 12.1928810173437 12.0060656186802 11.4718534391948 -10000 9.73317361486645 8.9442893196507 7.64444076155657 -10000 8.09132127353041 -10000 9.99076556064319 10.8029169273349 11.6800487780063 12.0961740706623 -10000 12.4500535827109 12.1450692019698 11.5973401401126 10.9703167336955 10.2701771816929 10.7135284845676 11.530107013179 12.2612471482748 13.0002002631939 13.6070425422574 14.420882251495 15.066605564756 15.4095560119956 15.6359460774634 16.8972423467484 15.6137135563316 15.3348416894032 15.2297480965182 15.1076593358739 15.1347993573028 -10000 -10000 -10000 -10000 -10000 18.5743571856322 18.2328983519016 17.3173170250967
-10000 -10000 -10000 -10000 -10000 -10000 -10000 -10000 12.7716903856612 14.0783454808855 14.1012277012064 13.9158372250389 12.2702017078509 -10000 11.1826142104625 9.98713912503174 8.53973715585113 -10000 7.02108396428914 7.45529848568329 -10000 9.42907421480169 9.91061211247842 -10000 11.3809357405073 11.6320231915971 11.6538953731131 11.412475097005 11.0006821701166 -10000 9.76778237037075 -10000 11.6072533442936 -10000 13.370091828191 14.3171436596675 14.7335146212476 15.176120890203 15.4267608270874 15.6011516815632 15.5535054360509 15.385407946111 15.2513704968285 15.2304737623229 15.2604643169948 15.6666004785981 16.2030529698142 -10000 -10000 -10000 -10000 18.9016536896595 18.4769502962052 18.0352335340856
-10000 -10000 -10000 -10000 -10000 -10000 -10000 12.8550275752977 -10000 -10000 14.6056746428635 14.4364794418102 -10000 -10000 11.3492293722994 10.4939096305733 -10000 8.1146238864201 -10000 -10000 -10000 -10000 9.41865450904439 -10000 -10000 10.8563801868548 10.8615342426506 10.7517563699634 9.7385539453434 9.51532194150603 9.62390591611821 10.5248701668668 11.8427542541103 -10000 14.0338827443996 14.5445826418427 14.9680742717249 15.2426653928641 15.3874328786989 15.3954663112197 15.3201675645121 15.1415186775107 15.0503161100001 15.1403195988481 15.6037677346528 16.1290719899386 17.1459528019745 -10000 -10000 -10000 20.6884337338213 19.0506901072642 18.5668777973847 18.1283297624208
-10000 -10000 -10000 -10000 -10000 -10000 -10000 -10000 14.673455394751 15.0380752569453 -10000 -10000 -10000 13.778859021648 11.4006634106101 10.6307704240257 10.1748115583751 8.27893600229198 -10000 -10000 -10000 10.4730536713247 -10000 10.5504860770701 -10000 -10000 9.49084676067887 9.36999018950572 9.04215837873595 9.06091185848425 9.43548192595306 10.6801713300239 11.9033852204374 12.882993894784 -10000 14.6023721002334 15.080742324047 16.569070755713 15.2190393002774 15.1577929461553 14.9815752433082 14.8026868756776 14.6947276780125 15.1093142856206 16.1204518728859 16.2762416531311 16.8473089588089 18.065556368689 18.7281667378171 18.8992399694848 19.042910316193 18.8204864545048 18.4659852211196 18.0611574043264
