data_gis/fral_40_popSize_highRes.asc
NCOLS 157 
NROWS 98 
XLLCORNER 84247.92649 
YLLCORNER -828428.80646 
CELLSIZE 20000 
NODATA_value -10000 
[rows 50 to 74 of 98, columns 0 to 56 of 157]
-10000 -10000 -10000 -10000 -10000 -10000 -10000 -10000 -10000 -9999 -9999 -9999 -9999 -9999 -9999 -9999 -9999 -9999 -9999 -9999 -9999 -9999 -0.510825623765991 3.9963641538619 4.4320065669789 4.64631212931927 -10000 3.98341300151482 -9999 -9999 -9999 -9999 -9999 2.61006979274201 3.32862668882732 4.49980967033027 7.65633716643018 4.50092016461429 3.3178157727231 2.57261223020711 -9999 -9999 -9999 -9999 -9999 -10000 -10000 -10000 -10000 -10000 -10000 -10000 -10000 -9999 -9999 -9999 -9999
-10000 -10000 -10000 -10000 -10000 -10000 -10000 -9999 -9999 -9999 -9999 -9999 -9999 -9999 1.1314021114911 1.16315080980568 1.1314021114911 -9999 -9999 -9999 -9999 -1.6094379124341 3.8264651170665 4.48525988931553 -10000 5.42671058131644 5.12989871492307 -10000 3.75653810258775 -9999 -9999 -9999 -9999 2.50959926237837 -10000 4.01818320125654 4.50865928560725 4.00914971615887 3.11794990627824 2.484906649788 -9999 -9999 -9999 -9999 -9999 -10000 -10000 -10000 -10000 -10000 -10000 -9999 -10000 -9999 -9999 -9999 -9999
-10000 -10000 -10000 -10000 -10000 -10000 -10000 -9999 -9999 -9999 -9999 -9999 -9999 1.30833281965018 1.58923520511658 1.70474809223843 -10000 2.26176309847379 1.66770682055808 1.79175946922805 1.98787434815435 2.07944154167984 4.62790967295758 5.11679548992465 5.62401750618734 8.66853994391076 -10000 -10000 -10000 -9999 -9999 -9999 -9999 -9999 2.68784749378469 3.13549421592915 -10000 -10000 2.67414864942653 -9999 -9999 2.17475172148416 2.28238238567653 2.18605127673809 -10000 -9999 -10000 -10000 -10000 -10000 -10000 -9999 -10000 -9999 -9999 -9999 -9999
-10000 -10000 -10000 -10000 -10000 -10000 -10000 -9999 -9999 -9999 -9999 -9999 1.1314021114911 1.58923520511658 2.09186406167839 2.84490938381941 2.82137888640921 2.69462718077007 3.04452243772342 2.98061863574394 2.61739583283408 3.91002100275747 4.92652878479926 5.26217191991168 5.5182557869133 5.7368948261064 -10000 -10000 3.7635229971097 -10000 -9999 -9999 -10000 -9999 -9999 -10000 -10000 -10000 -10000 -9999 2.37954613413017 2.86220088092947 3.03013370027132 2.86789890204411 -10000 -9999 -10000 -10000 -10000 -10000 0.0953101798043249 -0.510825623765991 -9999 -9999 -9999 -9999 -9999
-10000 -10000 -10000 -10000 -10000 -10000 -10000 -10000 -10000 -9999 -10000 -9999 1.16315080980568 1.70474809223843 2.77258872223978 6.07235305084132 3.26193531432865 3.50254987592244 3.4626060097908 3.45315712059287 4.2297491992283 4.34120464015363 4.79496375762075 5.47562638151845 5.4380793089232 -10000 -10000 -10000 -10000 -10000 -10000 -9999 -10000 -10000 -10000 -10000 -9999 -9999 -9999 2.19722457733622 2.85070650150373 -10000 3.90600493310258 -10000 -10000 -10000 -10000 -10000 -10000 -10000 4.73444252169223 1.3609765531356 0.0953101798043249 -9999 -9999 -9999 -9999
-10000 -10000 -10000 -10000 -10000 -10000 -10000 -10000 -10000 -10000 -9999 -10000 1.1314021114911 1.58923520511658 2.63188884013665 3.04452243772342 3.37073817417745 6.44429022657598 3.66867674679642 3.75653810258775 6.76814832459572 4.56330598188939 5.10169402504322 8.081784206935 5.39044065542384 4.97535347995162 -10000 -0.356674943938732 -10000 -9999 -10000 -9999 -10000 -10000 -9999 -10000 -9999 -9999 -9999 2.29253475714054 3.03013370027132 -10000 7.34794382314869 3.92789635458444 3.02042488614436 -10000 -10000 -10000 -10000 -10000 5.25540986553676 4.93087032562739 1.54756250871601 -0.510825623765991 -9999 -9999 -9999
-10000 -10000 -10000 -10000 -10000 -10000 -10000 -10000 -10000 -10000 -9999 -9999 -9999 1.30833281965018 2.32238772029023 2.64617479738412 3.01553490085017 3.44041809481544 3.35340671782581 3.45315712059287 4.2312037449393 4.33598269617247 4.74580131572784 5.05624580534831 4.6269316777696 3.8649313978943 -10000 -10000 -10000 -9999 -10000 -2.30258509299405 -2.30258509299405 -10000 -9999 -10000 -9999 -10000 -9999 2.18605127673809 -10000 3.49650756146648 3.93963817246112 -10000 2.85647020622048 -10000 -10000 -10000 -10000 -10000 5.81203879342605 5.26113457542032 4.75960653929251 0.8754687373539 -9999 -9999 -9999
-10000 -10000 -10000 -10000 -10000 -10000 -10000 -10000 -10000 -10000 -9999 -9999 -9999 -9999 1.1314021114911 2.27212588550934 2.46809953147162 2.35137525716348 2.90142159408275 2.96010509591084 2.61006979274201 3.85651029549789 4.10923317471585 4.0342406381524 3.80666248977032 3.3322045101752 -10000 -9999 -9999 -9999 -0.916290731874155 0.336472236621213 3.3357695763397 3.42100000895834 3.27714473299218 -1.6094379124341 -9999 -10000 -9999 -9999 -10000 2.86220088092947 -10000 2.94968833505258 2.53369681395743 -10000 -10000 -10000 -10000 9.50925907635395 6.12029741895095 5.40222682993855 4.86213528577781 1.22377543162212 -9999 -9999 -9999
-10000 -10000 -10000 -10000 -10000 -10000 -10000 -10000 -10000 -10000 -10000 -9999 -9999 1.94591014905531 2.01490302054226 -10000 1.66770682055808 1.75785791755237 1.66770682055808 1.80828877117927 1.96009478404727 1.84054963339749 3.09557760852371 3.21084365317094 3.1267605359604 0.0953101798043249 -0.22314355131421 -1.20397280432594 -9999 -0.693147180559945 1.16315080980568 3.72086249996699 4.10923317471585 4.28496492183075 4.07073469658297 3.52929738428947 -1.20397280432594 -10000 -9999 -9999 -9999 2.50143595173921 -10000 3.08190996979504 2.02814824729229 -10000 -10000 -10000 -10000 -10000 5.80633906298129 5.26527751246984 4.76388187714291 0.8754687373539 -9999 -9999 -9999
-10000 -10000 -10000 -10000 -10000 -10000 -10000 -10000 -10000 -10000 -9999 -9999 2.16332302566054 2.65324196460721 2.82137888640921 2.63905732961526 2.16332302566054 -9999 -9999 -10000 -9999 -9999 -0.916290731874155 1.16315080980568 2.09186406167839 2.30258509299405 2.09186406167839 1.19392246847243 0 1.06471073699243 3.65065824129374 5.16877799519305 5.47562638151845 -10000 4.83945148171276 4.11087386417331 3.32143241319329 -1.6094379124341 -9999 -10000 1.22377543162212 -10000 -10000 3.60549784517489 3.42426265459315 -10000 -10000 -10000 -10000 -10000 5.25801606977451 4.94378298710842 1.54756250871601 -0.693147180559945 -9999 -2.30258509299405 -0.22314355131421
-10000 -10000 -10000 -10000 -10000 -10000 -10000 -10000 -9999 -10000 -9999 1.98787434815435 3.98527346716774 4.32148013480585 4.48751214251986 3.35340671782581 2.66025953726586 1.94591014905531 -9999 -9999 -9999 -0.693147180559945 1.41098697371026 2.70136121295141 5.12812198955192 5.2235938203521 5.14166355650266 2.72129542785223 1.75785791755237 2.06686275947298 5.10897119481712 5.53141124871541 5.86078622346587 8.22469956196723 5.66087497364492 4.3425058765116 3.55248682920838 1.90210752639692 1.94591014905531 2.30258509299405 -10000 -10000 4.33598269617247 6.05537787285163 6.11721575241354 -10000 -10000 -10000 -10000 -10000 4.74144780428064 1.38629436111989 0.262364264467491 -9999 -9999 -0.105360515657826 4.3425058765116
-10000 -10000 -10000 -10000 -10000 -10000 -10000 -10000 -10000 -9999 -2.30258509299405 3.90801498403061 4.46475803227135 4.78331637137157 7.10002716662926 4.57779898919196 2.83907846350861 2.02814824729229 -9999 -9999 -2.30258509299405 1.22377543162212 2.72785282839839 5.29179614955777 5.63336001035966 5.7810521101475 5.63586045817074 5.30131287552784 2.84490938381941 4.45550941143368 5.32447232402489 5.82982758150686 6.15549483392969 6.04689925399608 5.68663631582123 5.15329159449778 3.91002100275747 2.52572864430826 2.77881927199042 -10000 -10000 4.57264699428253 6.57214267277281 6.88387233851881 7.00850518208228 -10000 -10000 -10000 -10000 -10000 0 -0.693147180559945 -9999 -9999 -1.20397280432594 4.10758978897212 4.78582368568135
-10000 -10000 -10000 -10000 -10000 -10000 -10000 -10000 -10000 -10000 3.23867845216438 4.24563400976833 4.89709325269713 5.30529298028446 5.05049682752139 4.63375764284 3.95316494875932 1.96009478404727 -9999 -9999 -0.356674943938732 2.09186406167839 5.12693574979242 5.63264444682286 6.16562791620047 6.57493636085883 6.18682571740974 5.65354125821945 5.14516618705386 4.58292457704077 5.1907321558681 5.99794351320569 8.97638862194537 6.08677472691231 5.59731023014568 5.12574810119676 2.9704144655697 3.21486780347066 3.70868208141012 4.06044301054642 -10000 6.57368016696065 7.11069612297883 7.4489161025442 7.66293785046154 -10000 -10000 -10000 -10000 -10000 -10000 -0.22314355131421 -0.105360515657826 -0.105360515657826 -0.693147180559945 4.22829253473184 4.97604384932664
-10000 -10000 -10000 -10000 -10000 -10000 -10000 -10000 -10000 -9999 3.3322045101752 4.13836144763888 5.21275947818639 8.14554963178358 5.24807615011129 4.51415078760092 3.8649313978943 -9999 -9999 -9999 -0.105360515657826 2.2082744135228 5.21112415484566 5.75732324158423 6.59905383930628 9.51782507172414 6.61499366078706 5.79453683792467 -10000 -10000 -10000 5.54400488229714 5.97406403242781 5.73850591071459 5.31369846858634 4.61313835563727 2.91777073208428 3.56671182013973 6.93342302573071 4.4818719696436 5.64332450561909 6.78558764500793 7.37838371299671 7.84149292446001 10.4654149523512 -10000 -10000 -10000 -10000 -10000 -10000 -10000 1.85629799036563 1.77495235091167 0.993251773010283 4.14946386144318 4.7999142627806
-10000 -10000 -10000 -10000 -10000 -10000 -10000 -10000 -9999 -9999 3.23474917402449 3.95699637107088 4.65491227788291 5.20839265902005 4.82911341747287 4.24276456734037 -10000 -10000 -10000 -9999 -0.22314355131421 1.88706964903238 5.1233685640835 5.62690143032024 -10000 6.63830597479142 6.20354715106277 5.71735659468332 -10000 -10000 -10000 -10000 5.1834675248691 4.99856271286199 4.61412992735956 2.57261223020711 2.55722731136763 3.33932197794407 4.15261347034608 5.0998664278242 5.9781259826688 6.94505106372583 7.40184157874383 9.7002079011507 8.2960476427647 -10000 -10000 -10000 -10000 -10000 -10000 -10000 4.86445278391817 3.15273602236366 2.63905732961526 2.12823170584927 4.45434729625351
-10000 -10000 -10000 -10000 -10000 -10000 -10000 -9999 -9999 -9999 -9999 3.48431228837266 3.92986292355648 4.10923317471585 3.92789635458444 3.50254987592244 -10000 -10000 -10000 -10000 -1.6094379124341 0.955511445027436 2.55722731136763 5.29531285752774 5.68934542685843 5.86021626049803 5.75795495354459 5.44889022502741 -10000 -10000 0.916290731874155 4.35156742718917 4.47847253294213 4.36182392735636 1.38629436111989 -0.105360515657826 2.37954613413017 3.49650756146648 4.97948856509942 6.05396975245938 6.55293575554286 6.76145702136484 7.20785987143248 7.44424864949671 7.40062057737113 -10000 -10000 -10000 -10000 -10000 -10000 -10000 6.09650000994186 5.57367378930918 3.7864597824528 3.03974915897077 2.52572864430826
-10000 -10000 -10000 -10000 -10000 -10000 -10000 -10000 -10000 -10000 -10000 -9999 3.24649099190117 3.34638914516716 3.25424296870549 -9999 -10000 -9999 -10000 -9999 -10000 -0.356674943938732 1.41098697371026 3.21084365317094 5.27556037942542 5.44630624426149 5.43851399704132 3.98341300151482 3.16124671203156 -10000 -9999 -0.356674943938732 0.182321556793955 -0.105360515657826 -1.20397280432594 0.78845736036427 2.55722731136763 4.7740687224499 -10000 -10000 6.74347008467428 6.92165818415113 6.87678047468271 7.35819375273303 6.78964719050181 6.58230210884336 -10000 -10000 -10000 -10000 -10000 -10000 7.05531284333975 6.61311572596286 5.89164421182577 4.22097721315547 3.03974915897077
-10000 -10000 -10000 -10000 -10000 -10000 -10000 -10000 -10000 -0.105360515657826 -10000 0.182321556793955 -10000 -9999 -10000 -10000 -9999 -9999 -10000 -10000 -9999 -9999 -0.105360515657826 2.61739583283408 3.3603753871419 -10000 7.24351297466548 -10000 2.98061863574394 2.15176220325946 -10000 -10000 -9999 -1.6094379124341 1.1314021114911 2.67414864942653 3.64283551561253 -10000 -10000 6.99117688712121 8.93168411073171 7.00760061395185 6.81640723952283 6.49918535592049 5.7673830560658 5.32105685351753 -10000 -10000 -10000 -10000 -10000 9.83429823318313 7.78696700261487 7.34342622914737 6.69208374250663 5.54595838946263 4.03777421073371
-10000 -10000 -10000 -10000 -10000 -10000 -10000 -10000 1.22377543162212 -10000 1.90210752639692 1.6094379124341 1.02961941718116 -0.916290731874155 -10000 -9999 -9999 -9999 -10000 -9999 -10000 -9999 -9999 2.12823170584927 2.83321334405622 -10000 4.01638302075239 3.54385368206368 2.69462718077007 2.06686275947298 -9999 -9999 -9999 0.741937344729377 2.51769647261099 3.60004824040732 5.56221891033441 6.48004456192665 6.92461239604856 7.20042489294496 9.84400290570124 7.16857989726403 6.51367511574054 6.25421335301455 5.74492441798738 5.81233788121055 -10000 -10000 -10000 -10000 -10000 10.0647131460353 9.69214904667168 7.8991534833431 7.31455283232408 6.2459129482506 5.02256386496153
-10000 -10000 -10000 -10000 -10000 -10000 -10000 -10000 2.09186406167839 5.22896728841324 5.30330490805908 5.19240114095649 1.50407739677627 -10000 -1.6094379124341 -9999 -9999 -10000 -9999 -9999 -10000 -9999 -9999 -10000 2.32238772029023 2.73436750941958 2.89037175789616 2.73436750941958 2.31253542384721 -10000 -9999 -10000 -0.693147180559945 -10000 3.25037449192757 5.60433039568454 5.99943271675716 6.71828825402731 6.99942246750796 7.25205395185281 7.13089883029635 6.78998474324763 6.48050457880205 6.28432071083349 5.99794351320569 6.41198245784244 7.20637729147225 -10000 -10000 -10000 -10000 10.5345465407827 10.0217593576142 9.52464003233223 8.10470346837111 6.69233185068307 5.48769728770944
-10000 -10000 -10000 -10000 -10000 -10000 -10000 3.11794990627824 -10000 -10000 5.85248979481739 5.70644559207568 -10000 -10000 0.182321556793955 -2.30258509299405 -10000 -9999 -10000 -10000 -10000 -10000 -9999 -10000 -10000 2.06686275947298 2.15176220325946 2.06686275947298 -9999 -9999 -9999 -9999 0.405465108108164 -10000 5.41253851063806 5.92879095257992 6.52003185235013 6.86963795686901 7.028201432058 6.96979066990159 6.8132247951359 6.41918026415097 6.14996290492866 6.00240448714632 6.48707500506749 7.19893124068817 9.24782881638717 -10000 -10000 -10000 13.4652762570555 10.7858077648391 10.1656979590142 9.61880098906415 7.77191025643576 6.77090409623294 5.71340271803319
-10000 -10000 -10000 -10000 -10000 -10000 -10000 -10000 5.81472736860793 6.35280359717359 -10000 -10000 -10000 5.17161971350208 0.587786664902119 -0.916290731874155 -9999 -9999 -10000 -10000 -10000 1.80828877117927 -10000 1.85629799036563 -10000 -10000 -9999 -9999 -9999 -9999 -9999 -9999 0.53062825106217 2.69462718077007 -10000 6.02586597382531 6.81377421551124 9.69849084670295 6.82719577112372 6.7148984202728 6.33203551529816 5.9404343759952 5.41920668382349 6.09695005495396 8.73969653784302 7.29165620917446 7.80343505695217 9.65771488316156 10.776933411918 10.5666135739841 10.7927975560785 10.5022141574766 10.0305606350996 9.54666974124948 7.64444076155657 6.66134310072857 5.4510384535657
-10000 -10000 -10000 -10000 -10000 -10000 7.22475340576797 -10000 -10000 6.7213052116044 9.88908432222538 -10000 -10000 5.24965219456676 0.53062825106217 -1.20397280432594 -9999 -9999 -10000 -10000 2.06686275947298 -10000 -10000 2.50959926237837 -10000 -10000 -10000 -10000 -10000 -9999 -9999 -10000 0.405465108108164 -10000 5.38998455507386 5.88721452573418 6.4772800078698 6.80150547913943 6.50653116513123 5.99670081390323 5.57253418804625 4.80647704269313 5.20455598673356 5.67983125383369 6.38451963513946 7.09174211509515 7.99361999482774 8.19063168090354 9.79043083024383 10.0653087386676 10.1783503075256 10.1334875446468 9.71703748515839 8.06652149046999 7.27378631784489 6.22929964716518 4.84654650556336
-10000 -10000 -10000 -10000 -10000 -10000 -10000 -10000 -10000 6.36216566277981 6.69752795293447 -10000 -10000 -10000 -0.22314355131421 -1.6094379124341 -9999 -10000 -10000 -10000 -10000 3.17387845893747 3.61091791264422 -10000 2.51769647261099 -10000 -9999 -10000 -10000 -9999 -9999 -9999 -10000 1.91692261218206 3.02529107579554 5.54946511427184 5.90645117278103 6.03356572312662 5.92958914338989 5.6046985164323 3.68637632389582 3.60277675506052 4.79661665055905 5.2517497307317 5.57897482406285 6.34738920965601 7.23128700432762 7.71467747380093 8.12946976478423 9.56850420696633 9.63913130538784 9.53249633228804 8.06369263426952 7.45066079621154 6.65105494413908 5.50125821054473 3.77734810210154
-10000 -10000 -10000 -10000 -10000 -10000 2.82731362192903 -10000 -10000 -10000 -10000 -10000 -10000 0.587786664902119 -1.6094379124341 -9999 -9999 -9999 -10000 -10000 2.67414864942653 3.60821155104648 7.13966033596492 -10000 -10000 -10000 -10000 -10000 -10000 -10000 -9999 -9999 -10000 0.470003629245736 2.14006616349627 3.06339092202781 5.38173897468711 5.47478850966382 5.39906726964818 3.26575941076705 3.08648663682246 2.83907846350861 3.47196645255036 4.79164975293071 5.070789216916 5.33513133967075 6.04263283368238 7.01571242048723 7.50163445788341 7.79729127354747 7.79646924308606 7.6434829070772 7.26612877955645 6.65582637623617 5.76894580056261 4.2076732475291 3.50855589998265
