data_gis/fral_80_popSize_lowLoss.asc
NCOLS 157 
NROWS 98 
XLLCORNER 84247.92649 
YLLCORNER -828428.80646 
CELLSIZE 20000 
NODATA_value -10000 
[rows 50 to 74 of 98, columns 0 to 57 of 157]
-10000 -10000 -10000 -10000 -10000 -10000 -10000 -10000 -10000 -9999 -9999 -9999 -9999 -9999 -0.510825623765991 1.70474809223843 5.53022242353082 6.01883649390383 6.29545048626629 6.07626514880045 5.58612443118797 2.73436750941958 1.70474809223843 0 -9999 -9999 -10000 -9999 -9999 -9999 -9999 -9999 -9999 -9999 -9999 -9999 -9999 -9999 -9999 -9999 -9999 -9999 -9999 -9999 -9999 -10000 -10000 -10000 -10000 -10000 -10000 -10000 -10000 -9999 -9999 3.02529107579554 3.53222564406856 3.79997350161952
-10000 -10000 -10000 -10000 -10000 -10000 -10000 -9999 -9999 -9999 -9999 -9999 -9999 -9999 0.955511445027436 5.03565305707154 5.86844909621144 6.67657955597066 7.14361760270412 7.39079852173568 6.06911979167359 5.42890693625164 3.9740583963476 2.12823170584927 -10000 -2.30258509299405 -9999 -10000 -9999 -9999 -9999 -9999 -9999 -9999 -10000 -9999 -9999 -9999 -9999 -9999 -9999 -9999 -9999 -9999 -9999 -10000 -10000 -10000 -10000 -10000 -10000 -9999 -10000 -9999 -9999 -9999 2.7408400239252 2.86220088092947
-10000 -10000 -10000 -10000 -10000 -10000 -10000 -9999 -9999 -9999 -9999 -9999 -9999 -9999 1.09861228866811 5.18009673516061 -10000 7.08506429395255 10.8464981091097 7.16780918431644 6.59891766445756 6.44651315540497 5.87268101111801 5.19628464098288 2.37024374146786 0.78845736036427 -10000 -10000 -10000 -9999 -9999 -9999 -9999 -9999 -9999 -9999 -10000 -10000 -9999 -9999 -9999 -9999 -9999 -9999 -10000 -9999 -10000 -10000 -10000 -10000 -10000 -9999 -10000 -9999 -9999 -9999 -9999 -9999
-10000 -10000 -10000 -10000 -10000 -10000 -10000 -9999 -9999 -9999 -9999 -9999 -9999 -9999 0.641853886172395 5.00528768776966 5.850476853807 6.61499366078706 7.12205988162914 7.0343879299155 7.01660968389422 7.07411681619736 6.74311645704049 6.26625133157403 5.31073988654659 2.12823170584927 -10000 -10000 -9999 -10000 -9999 -9999 -10000 -9999 -9999 -10000 -10000 -10000 -10000 -9999 -9999 -9999 -9999 -9999 -10000 -9999 -10000 -10000 -10000 -10000 -9999 -9999 -9999 -9999 -9999 -9999 -9999 -9999
-10000 -10000 -10000 -10000 -10000 -10000 -10000 -10000 -10000 -9999 -10000 -9999 -9999 -9999 -0.510825623765991 1.68639895357023 5.34710753071747 5.8919204167716 6.54175123975489 6.91572344863131 7.34148385236316 9.59736991792866 7.53262361878879 6.86943016466047 6.09017802004401 -10000 -10000 -10000 -10000 -10000 -10000 -9999 -10000 -10000 -10000 -10000 -9999 -9999 -1.20397280432594 -1.6094379124341 -9999 -10000 -9999 -10000 -10000 -10000 -10000 -10000 -10000 -10000 -9999 -9999 -9999 -9999 -9999 -9999 -9999 -9999
-10000 -10000 -10000 -10000 -10000 -10000 -10000 -10000 -10000 -10000 -9999 -10000 -9999 -9999 -9999 0.405465108108164 2.18605127673809 5.28015339592037 6.13578131787622 6.8266536775451 7.41758040241454 10.4855355605774 10.5312692034145 7.24494154633701 6.25805065626503 4.97673374242057 -10000 0.470003629245736 -10000 -0.356674943938732 -10000 -9999 -10000 -10000 -9999 -10000 -0.916290731874155 -0.105360515657826 -0.105360515657826 0.0953101798043249 -0.510825623765991 -10000 -9999 -9999 -9999 -10000 -10000 -10000 -10000 -10000 -9999 -9999 -9999 -9999 -9999 -0.356674943938732 -0.22314355131421 1.94591014905531
-10000 -10000 -10000 -10000 -10000 -10000 -10000 -10000 -10000 -10000 -9999 -9999 -9999 -9999 -9999 -9999 0.8754687373539 3.56104608260405 5.28624478531377 6.47296434149214 9.22108246850808 7.52023455647463 8.01895468315572 6.88417954245343 6.01542518455283 4.83469334426634 -10000 -10000 -10000 0.0953101798043249 -10000 -9999 -9999 -10000 -2.30258509299405 -10000 0.741937344729377 -10000 1.85629799036563 1.64865862558738 -10000 -0.22314355131421 -1.20397280432594 -10000 -9999 -10000 -10000 -10000 -10000 -10000 -9999 -9999 -9999 -9999 0.182321556793955 0.8754687373539 2.4423470353692 2.80336038090653
-10000 -10000 -10000 -10000 -10000 -10000 -10000 -10000 -10000 -10000 -9999 -9999 -9999 -9999 -9999 -9999 -9999 3.16124671203156 4.11087386417331 5.65529226549577 6.53451531816871 6.70527183036423 6.6304194985845 6.18001665365257 5.13873529672357 2.63188884013665 -10000 6.70783985378713 1.84054963339749 0.470003629245736 -0.356674943938732 -9999 -9999 -1.20397280432594 -0.356674943938732 1.41098697371026 2.35137525716348 -10000 5.57291419945116 5.43372200355424 -10000 1.02961941718116 -10000 -9999 -9999 -10000 -10000 -10000 -10000 -9999 -9999 -9999 -9999 -0.356674943938732 0.832909122935104 2.484906649788 3.22684399451738 3.67630067190708
-10000 -10000 -10000 -10000 -10000 -10000 -10000 -10000 -10000 -10000 -10000 -9999 2.4932054526027 2.61739583283408 2.484906649788 -10000 -9999 -0.510825623765991 3.41772668361337 4.09600984154116 5.30131287552784 5.82037962224002 5.73914961849349 4.86907172977447 2.58776403522771 1.30833281965018 1.38629436111989 1.84054963339749 1.38629436111989 0.0953101798043249 -0.510825623765991 -9999 -9999 -0.356674943938732 1.1314021114911 2.53369681395743 5.7261960694931 -10000 6.4452435154947 6.19358873119812 5.68391984555995 2.18605127673809 -10000 -0.916290731874155 -9999 -10000 -10000 -10000 -10000 -10000 -9999 -9999 -9999 -0.22314355131421 1.19392246847243 2.91777073208428 6.56610968358693 4.38202663467388
-10000 -10000 -10000 -10000 -10000 -10000 -10000 -10000 -10000 -10000 -9999 2.78501124223834 3.40452517175483 3.5918177412708 3.39114704580865 2.82731362192903 -9999 -9999 -0.356674943938732 -10000 3.40784192438082 3.55820113047182 2.45958884180371 2.05412373369555 0.741937344729377 -0.22314355131421 0.0953101798043249 0.53062825106217 0.0953101798043249 -0.356674943938732 -9999 -9999 -1.6094379124341 -10000 1.91692261218206 5.44155153463394 6.219197550756 7.02375895473844 7.47079377419506 -10000 6.19847871649231 -10000 -10000 1.1314021114911 0.470003629245736 -10000 -10000 -10000 -10000 -10000 0.0953101798043249 0.336472236621213 0.0953101798043249 -0.356674943938732 0.955511445027436 3.20680324363393 3.96081316959758 5.79240366630973
-10000 -10000 -10000 -10000 -10000 -10000 -10000 -10000 -9999 -10000 2.484906649788 3.41772668361337 4.21803603456465 4.6802776584749 4.21508617991823 3.4307561839037 2.4932054526027 -9999 -9999 -9999 -0.510825623765991 -0.105360515657826 0.0953101798043249 -1.20397280432594 -9999 -9999 -0.510825623765991 -0.356674943938732 -0.510825623765991 -9999 -9999 -9999 -1.20397280432594 0.641853886172395 2.29253475714054 5.61422239794356 6.45504131827336 7.54274354536855 11.1485927032182 7.57763383260273 -10000 -10000 4.59208494643944 4.7990908786254 4.6802776584749 -10000 -10000 -10000 -10000 -10000 1.25276296849537 1.38629436111989 1.25276296849537 0.693147180559945 2.15176220325946 3.07731226054641 5.50492494922215 6.2363695902037
-10000 -10000 -10000 -10000 -10000 -10000 -10000 -10000 -10000 -9999 2.65324196460721 3.59731226058845 4.65205377188694 8.76295892076673 4.68398136641238 3.59731226058845 2.67414864942653 -9999 -9999 -2.30258509299405 -2.30258509299405 -2.30258509299405 -9999 -9999 -9999 -9999 -9999 -9999 -9999 -9999 -9999 -9999 -1.20397280432594 0.587786664902119 2.23001440015921 5.51221833649531 6.54304816334614 7.28207365809346 7.71467747380093 -10000 -10000 5.94594403180617 5.44457987352629 6.06075737360393 5.98368435978902 -10000 -10000 -10000 -10000 -10000 2.04122032885964 2.54944517092557 2.06686275947298 1.22377543162212 2.16332302566054 3.20680324363393 5.63336001035966 8.23084356419823
-10000 -10000 -10000 -10000 -10000 -10000 -10000 -10000 -10000 -10000 2.50143595173921 3.42100000895834 4.23265617801961 4.67656018207476 4.21508617991823 3.38439026334577 2.484906649788 -9999 -0.693147180559945 4.15418456257812 4.26969744969996 4.17592454921452 -0.510825623765991 -9999 -9999 -2.30258509299405 -0.916290731874155 -1.6094379124341 -2.30258509299405 -9999 -9999 -9999 -9999 0.182321556793955 1.98787434815435 4.82430571590476 6.37331978957701 7.07834157955767 7.42952084278646 7.13089883029635 -10000 6.05044075220828 6.52912682482753 6.9985096422506 6.8487480984021 -10000 -10000 -10000 -10000 -10000 -10000 7.18235211188526 3.08190996979504 2.69462718077007 2.85647020622048 2.86789890204411 5.39408198853242 6.13122648948314
-10000 -10000 -10000 -10000 -10000 -10000 -10000 -10000 -10000 -9999 -9999 2.79116510781272 3.42426265459315 3.62434093297637 3.40452517175483 2.8094026953625 -9999 -1.6094379124341 4.43081679884331 4.94092788167144 5.17840706987548 4.9416424226093 4.43675153436313 -0.693147180559945 -0.916290731874155 0.262364264467491 1.06471073699243 1.25276296849537 -10000 -10000 -10000 -9999 -9999 -0.22314355131421 1.6094379124341 4.86599480426999 5.89797770401452 7.07072410726028 10.4898009104321 7.23417717974985 6.44746432859019 6.53915233560654 7.03614849375054 10.3979093664764 8.52931937121408 -10000 -10000 -10000 -10000 -10000 -10000 -10000 3.51749783735832 4.50424426739813 4.4320065669789 4.34380542185368 3.17805383034795 5.66157062584689
-10000 -10000 -10000 -10000 -10000 -10000 -10000 -10000 -9999 -9999 -9999 -9999 2.4932054526027 2.68102152871429 2.4932054526027 -9999 -10000 -10000 -10000 5.72489143786644 6.17835896574707 5.73139764168917 4.93878119032827 4.15888308335967 -10000 1.93152141160321 2.41591377830105 2.62466859216316 -10000 -10000 -10000 -10000 -9999 -9999 1.09861228866811 4.65871095291612 5.67606863608869 6.45110213410454 7.00397413672268 9.37517661442912 6.64209559056485 6.64313847946135 6.90294372198492 7.81318726752142 10.7403020829085 -10000 -10000 -10000 -10000 -10000 -10000 -10000 5.46128619482618 5.37527840768417 5.31517448361446 4.93878119032827 4.62595272517062 3.60821155104648
-10000 -10000 -10000 -10000 -10000 -10000 -10000 -9999 -9999 -9999 -9999 -9999 -9999 -9999 -9999 -9999 -10000 -10000 -10000 -10000 10.1218999294744 6.17336935040559 5.18009673516061 4.31348009213877 2.10413415427021 3.09104245335832 5.90944071162939 6.08267542716137 -10000 -10000 2.14006616349627 0.470003629245736 -9999 -9999 -0.356674943938732 1.68639895357023 5.19517660762852 5.78751069018691 6.37434315654335 6.56765647430523 6.32900763873069 6.43422543995984 7.23777819192344 7.66481578528574 8.00836557031292 -10000 -10000 -10000 -10000 -10000 -10000 -10000 6.69059379934547 8.37170488466763 6.23244801655052 5.67572587687368 4.97397130972466 4.38825718442452
-10000 -10000 -10000 -10000 -10000 -10000 -10000 -10000 -10000 -10000 -10000 -9999 -9999 -9999 -9999 -9999 -10000 4.12390336446365 -10000 5.75257263882563 -10000 5.75225512810698 4.92725368515721 4.25561270981822 3.01062088604774 6.19318015100857 6.8880626456364 7.13966033596492 6.92559519711047 -10000 3.15273602236366 1.90210752639692 -0.22314355131421 -9999 -9999 0.53062825106217 1.87180217690159 5.52226059803281 -10000 -10000 6.53625672043725 6.73886314249984 7.31188616407716 7.85825418218603 8.349011198176 10.5075575875113 -10000 -10000 -10000 -10000 -10000 -10000 7.7873820264847 7.44190672805162 9.86167548472169 6.15315813610597 5.19128879378951 4.41400968052693
-10000 -10000 -10000 -10000 -10000 -10000 -10000 -10000 -10000 -9999 -10000 -9999 -10000 -9999 -10000 -10000 -9999 -1.6094379124341 -10000 -10000 5.1834675248691 4.92797806041525 4.4624538837865 2.60268968544438 5.92692602597041 -10000 7.70930833338587 -10000 7.73543335249969 6.96129604591017 -10000 -10000 1.06471073699243 -2.30258509299405 -9999 -9999 0.693147180559945 -10000 -10000 6.42503108532702 10.1589821207347 6.97166860472579 7.2591161280971 8.06337782236703 11.3614162932864 9.19380440333608 -10000 -10000 -10000 -10000 -10000 10.7678532115454 8.7227428743294 8.20603776277881 7.48324441607385 6.40258032672496 5.05624580534831 4.2780540442909
-10000 -10000 -10000 -10000 -10000 -10000 -10000 -10000 -9999 -10000 -9999 -9999 -9999 -9999 -10000 -9999 -9999 -9999 -10000 4.13836144763888 -10000 4.16976120150686 1.25276296849537 2.96527306606928 6.37178277279419 -10000 8.21527695893663 11.6081629148571 8.21689858091361 7.25417784645652 6.37229537425779 3.20680324363393 1.09861228866811 -0.916290731874155 -9999 -9999 -0.22314355131421 4.26969744969996 5.10291057020543 6.05020504213058 6.52517627466067 6.82361251086971 8.3150770072941 7.73848812249465 8.60190191934319 8.68423189134568 -10000 -10000 -10000 -10000 -10000 11.5558508458217 11.0565406768825 8.89918494333876 8.081784206935 6.84747434809721 5.40402782097015 2.86220088092947
-10000 -10000 -10000 -10000 -10000 -10000 -10000 -10000 -9999 -9999 -9999 -9999 -9999 -10000 -0.510825623765991 -0.916290731874155 -9999 -10000 -9999 -9999 -10000 -0.693147180559945 1.1314021114911 -10000 6.3124604985897 7.14598446771439 7.98378106897745 10.5890560875725 8.01102337918644 -10000 6.33292432524023 -10000 1.62924053973028 -10000 -9999 -9999 -1.20397280432594 0.955511445027436 5.06890420222023 5.64119759946458 5.98116165411208 6.16961073249146 6.91075078796194 8.00869818298853 8.8997307948807 9.09549053029724 9.62245002280302 -10000 -10000 -10000 -10000 12.313836770204 11.5684926134187 10.801899405523 8.5422759717837 7.28619171470238 5.62257241923066 3.22684399451738
-10000 -10000 -10000 -10000 -10000 -10000 -10000 -9999 -10000 -10000 -9999 -9999 -10000 -10000 4.50092016461429 4.36691299686383 -10000 -9999 -10000 -10000 -10000 -10000 0.741937344729377 -10000 -10000 6.73363995873528 7.37525577800975 7.65917136766606 7.34601020991329 6.73494831455677 5.14166355650266 3.04927304048202 1.68639895357023 -10000 -9999 -9999 -1.6094379124341 3.60277675506052 4.46014441393783 5.62293388679288 6.09627491146033 6.12752399151508 6.70674007974093 8.54752839121231 9.95270619632363 9.57059888724627 12.5558417992948 -10000 -10000 -10000 15.6902921381864 12.7025173579004 11.8422795705571 10.9534871612835 8.69533937679971 7.38212436573751 5.93753620508243 3.30688670219091
-10000 -10000 -10000 -10000 -10000 -10000 -10000 -10000 -9999 -9999 -10000 -10000 -10000 5.16706907993808 5.34567793790787 5.15617759938691 4.64342889810518 0.587786664902119 -10000 -10000 -10000 -9999 -10000 1.56861591791385 -10000 -10000 6.57423867018656 6.75739739739358 6.59728211822954 5.35611446527425 7.2086003379602 2.92316158071916 1.7227665977411 0.470003629245736 -10000 -9999 -1.6094379124341 3.71600812150219 4.64246597073179 5.66400160464436 9.61219898449024 6.07027572753227 6.69443828848566 7.92768504561578 8.74925684010501 11.4493677959732 10.1554517696585 10.997505972194 11.6548849908889 12.3532591315558 12.7439597811449 12.2911717786797 11.5822182914662 10.847121040802 8.55448897615993 7.26332961747684 5.63871047791249 3.21486780347066
-10000 -10000 -10000 -10000 -10000 -10000 -9999 -10000 -10000 -9999 -9999 -10000 -10000 5.93780002252229 6.39792915554923 5.92131028718477 5.15732967324706 4.35799005684564 -10000 -10000 -9999 -10000 -10000 -0.105360515657826 -10000 -10000 -10000 -10000 -10000 3.3322045101752 2.98568193770049 -10000 1.30833281965018 -10000 3.67122451887522 3.80888224650863 3.60821155104648 3.57515068878559 4.41521960202965 5.21275947818639 5.69507803402605 5.46932516344172 6.35123469595402 7.03966034986208 8.25997565976828 8.99342737041261 9.05392045270488 9.31964310686663 11.1671056757885 11.628697591214 11.8069300084136 11.6050761132529 11.116008715312 9.09290727508409 8.0507033814703 6.73030185358504 5.01263329675893 4.08092154188996
-10000 -10000 -10000 -10000 -10000 -10000 -10000 -10000 -10000 -1.6094379124341 0.405465108108164 -10000 -10000 -10000 10.288307678667 6.39375796405051 5.38173897468711 -10000 -10000 -10000 -10000 -9999 -9999 -10000 -0.105360515657826 -10000 1.93152141160321 -10000 -10000 2.00148000021012 1.79175946922805 1.30833281965018 -10000 3.98154906807676 4.52720864451838 4.72738781871234 4.50202942706858 3.88156379794344 3.89589362349826 4.4414740933173 4.66908351173174 4.63181211693451 4.8283137373023 6.3442318662157 6.95463886488099 7.94449216393216 8.28425179762192 8.68304655550289 8.99813676070031 10.9110804428171 10.9989448695109 10.8703002814245 9.10808613793743 8.28652137368124 7.24136628332232 5.84180377255358 3.63758615972639 4.02535169073515
-10000 -10000 -10000 -10000 -10000 -10000 -9999 -10000 -10000 -10000 -10000 -10000 -10000 6.67279215086258 6.74993119378857 5.96563378707346 5.17388728816986 4.36818122785183 -10000 -10000 -9999 -9999 -9999 -10000 -10000 -10000 -10000 -10000 -10000 -10000 0.470003629245736 1.28093384546206 -10000 4.59511985013459 5.34948565312244 5.71571104552148 5.25122575901419 4.49869794147757 3.62434093297637 3.6163087612791 3.80443779474821 3.73766961828337 3.01553490085017 4.15103990589865 6.00141487796115 6.36147517423174 6.93828448401696 7.41637847919293 8.12563098847706 8.61794309451638 8.77012852753818 8.58185670474196 8.06526520889773 7.2591161280971 6.16120732169508 4.0842942263686 2.55722731136763 3.78418963391826
