data_gis/fral_80_popSize_highRes.asc
NCOLS 157 
NROWS 98 
XLLCORNER 84247.92649 
YLLCORNER -828428.80646 
CELLSIZE 20000 
NODATA_value -10000 
[rows 48 to 71 of 98, columns 54 to 107 of 157]
-1.20397280432594 -0.510825623765991 0 0.262364264467491 0 -0.510825623765991 -10000 -10000 -10000 -10000 -10000 -10000 -10000 -10000 8.68507770041242 -10000 -10000 -10000 -10000 -10000 11.2936867797332 11.275340638592 -10000 10.5795140062877 9.91422964906803 9.02256396449926 8.40827078419205 7.2152399787301 6.77935356417761 7.45240245122364 9.67457740632758 8.48797033273933 8.96571778898485 -10000 -10000 -10000 9.07726601775084 -10000 7.64108424917491 -10000 -10000 -10000 -10000 -10000 -10000 10.0472848202839 10.8311335684484 10.9074411158241 10.7327159970338 9.69251957715205 9.33917324381915 9.30164253038297 9.62205259284481 10.2172028020347
-9999 -0.693147180559945 -0.510825623765991 -0.510825623765991 -0.510825623765991 -0.693147180559945 -10000 -10000 -10000 -10000 -10000 -10000 -10000 -10000 -10000 11.8053114566265 10.5597113789915 11.0573768566941 -10000 -10000 12.7415655157112 12.5525305730583 -10000 11.5925126843093 10.9541518223309 10.1024203751353 9.01274272762971 -10000 6.91869521902047 6.77410959411222 7.24850407237061 7.47986413116503 -10000 -10000 -10000 8.6436496153688 8.48446336679332 -10000 -10000 6.54836235897636 -10000 -10000 -10000 -10000 10.0018385588831 11.0644328068915 11.3300237399112 11.419394701066 11.3034875607121 -10000 10.0650109866928 10.038499099192 10.4225789207192 10.8585950698419
0.8754687373539 -9999 -1.20397280432594 -1.20397280432594 -1.20397280432594 -9999 -9999 -10000 -10000 -10000 -10000 -10000 -10000 -10000 -10000 -10000 11.3597043529609 -10000 -10000 -10000 13.6537231255631 13.5602375907104 13.2227316525401 12.6810265021579 11.8149393446822 10.8693300632395 -10000 8.44805745258138 7.25981961036319 -10000 -10000 -10000 -10000 -10000 -10000 -10000 9.94549284668116 8.73953642255968 -10000 7.26682734752059 6.53262537067005 7.23128700432762 -10000 -10000 10.944276500467 11.3942207547023 11.7807899600141 11.9635487527446 11.7421067524167 11.3809015070235 11.0462602569899 11.0618770452401 11.2509891089369 11.5530304024665
3.22684399451738 1.54756250871601 -9999 -9999 -9999 -9999 -9999 -10000 -10000 -10000 -10000 -10000 -10000 -10000 10.3408065617582 -10000 -10000 -10000 14.0426875639526 14.3368303250866 14.4567758498964 14.3281221858749 13.9947599003366 13.4896349779362 12.6688313435268 11.6285728884962 10.4721480279731 -10000 -10000 -10000 -10000 -10000 -10000 -10000 -10000 10.6415124918742 10.4901902968752 10.1672738823124 8.86785006302941 8.08085641964099 7.19142933003638 7.61579107203583 8.59118687132456 9.74689222031305 11.0006654796661 11.5250911618691 12.5692946108762 13.8766216496703 12.0063953453764 11.5857762185844 11.6364961641879 11.5239148597698 11.7699447009589 11.9831540689073
4.57471097850338 3.37073817417745 1.7404661748405 -9999 -9999 -9999 -9999 -10000 -10000 -10000 -10000 -10000 -10000 -10000 11.3373332155142 -10000 13.4936151611028 14.2316366354513 -10000 15.505994674401 15.5269693556934 15.4212404040098 14.6406421226479 14.1321320661325 13.3693765686134 -10000 -10000 -10000 -10000 -10000 -10000 -10000 -10000 -10000 10.972997101617 11.3148037403422 11.1220435039868 10.7366357773189 10.0516489035166 8.66354208775137 7.8578675593318 7.70300768247924 8.60410456340553 9.69010867127683 10.8996609792825 11.4017033592655 11.9435188631053 12.0386712278266 11.8900596833103 11.8742087740641 11.9159676401456 11.9835414067144 12.2782165473027 12.9296471830676
5.51664936086502 4.52936847257181 3.62434093297637 2.7408400239252 2.41591377830105 0.78845736036427 -0.22314355131421 -10000 -10000 -10000 -10000 -10000 -10000 -10000 12.4023012166234 -10000 -10000 14.8079086333451 15.7500261781 15.9360834862977 15.9749838841811 15.8776131450126 15.6577687309764 14.7766748417045 -10000 -10000 -10000 -10000 -10000 -10000 9.01152351265303 -10000 10.1008208669505 10.6224486679891 11.3564119959538 13.4225242645664 11.5387588900012 10.999045180475 -10000 9.11515018497243 8.38206051742474 8.07961802938984 8.64576229221094 9.50703173858555 10.3146364771126 11.2500140508437 11.6156896129808 11.8568697164301 11.942191731531 12.1067991220451 12.2401745104751 12.4640387908969 13.7734930574447 12.6646234407299
6.81014245011514 5.42671058131644 4.62595272517062 4.00914971615887 3.70622809244855 3.28091121578765 1.87180217690159 -10000 -10000 -10000 -10000 -10000 -10000 -10000 13.1585525770835 -10000 -10000 15.6927217719209 -10000 16.2875694442255 16.4333650447246 16.255665540366 15.9921178295773 -10000 -10000 -10000 12.342786468846 11.9073633292292 11.6043006400614 10.2042585895296 9.56388040721943 10.2695532648616 10.0285330415104 10.6816649822806 10.891373101233 11.5112240183305 11.4467749786479 11.1242879749683 10.668164384235 9.81361754810709 8.91945316857545 8.66664714458457 9.11063052782717 9.83857562835898 10.5721371014957 11.2032295222255 11.83783106522 12.1622304698508 12.4039927433829 12.5872074920576 12.7620016456076 12.9858240368655 13.1486663999054 13.2111834510489
7.55118686729615 6.32811533921579 5.35138408748473 5.12217666882916 4.94734044372394 4.76217393479776 4.63278535302106 -10000 4.73707525686803 4.62005879848184 -10000 -10000 -10000 -10000 13.8924077081705 14.5659332288438 -10000 16.1018579298266 16.3527981396144 16.5244066012411 18.027671696021 16.460314558079 16.0686915183488 -10000 -10000 13.634309972647 12.8958541686138 12.3573893133363 11.8201086486786 11.2764053449477 9.93614833477568 9.30537778731093 9.15799389160397 10.4508283095959 10.9119927683981 -10000 12.79193523837 11.3631020755687 10.8330695627315 10.4936325455064 9.4407375520017 9.39657094526685 9.88659568486591 10.6182983727321 11.3265115458727 11.9309645219402 12.428964165087 12.8994522990662 13.1768383050248 13.398334645278 13.6328225340294 13.9096564238545 13.9833062906155 13.8643692912114
7.99091546309133 6.84896023247163 6.07626514880045 7.52402141520612 6.37058567987654 6.27193316504146 -10000 -10000 -10000 7.00488198971286 -10000 -10000 -10000 -10000 -10000 15.4793970715657 -10000 16.2512343164756 16.3904535050539 16.5127908377741 16.4959615129734 16.3114788021115 15.9711191914266 15.5569220753014 14.3727830310522 13.6460203264855 14.6287886823524 12.5697326371231 11.9271917290315 11.328293240639 10.0356993248446 9.36785680985117 8.91179955618953 9.65476975010249 -10000 10.935461338871 11.353906286546 11.1725034381877 11.0500801537228 10.8217363661164 10.4390740792436 10.161418929336 10.7375264717936 11.4836202305776 12.182614645492 12.7738464943813 13.352838387774 13.7594733976375 14.1093026760119 14.3871158974014 14.604013371841 14.6421461302242 14.5569120448618 14.3485705558145
8.12326131912175 7.3178761986265 6.9555926083963 7.28069719538474 7.44132038971762 7.51316354523408 -10000 -10000 7.68340368105383 8.09009578318096 8.45807992692373 -10000 -10000 -10000 -10000 15.6693998685384 16.0433112192882 16.2639311121219 -10000 16.3764007651339 16.3067053127824 16.048157725906 15.7685800178846 14.8147690691618 14.1203697552716 13.4144357981574 -10000 12.318271228226 11.7578774736949 11.2433452278824 9.97142653554432 9.25560050338105 8.85609105525229 8.82025636590632 9.8351551771593 10.659163423376 11.0133035117116 11.2687497808276 11.3922933746091 11.0711282676147 10.876139714076 11.0458934162027 11.5251899477902 12.2679200488563 13.0355890632222 13.6776440680835 14.1968830900908 14.6329780263756 14.9716776633758 15.214244722884 15.247002208029 15.2018394184891 15.6734559406337 15.6977514460611
8.16280135349207 7.66762609158499 7.85010354517558 8.23190824356418 8.46231452990625 8.63444275146648 8.65119947126397 8.63177109612367 8.81299223196997 8.96533457380484 -10000 11.7708182086113 -10000 -10000 15.2872444989476 15.6933041351434 16.1409912352259 17.7343744312089 16.2584156115254 16.2381537855023 16.0971333695231 15.7364906626731 14.9958395370301 14.4182925620128 -10000 -10000 12.3068451523532 11.8388999352085 11.4188015812384 11.4795031088069 9.76531684347746 8.97017781549238 8.46926265765869 8.53973715585113 9.27472263090545 10.4713832529071 10.9200579142006 11.359820904436 13.2844890295787 11.3903283602556 11.2938361839841 11.6139646571445 12.1937874910965 13.0217471453698 13.7444977907179 14.4079840005234 14.9567508892655 15.3764485341088 15.8346827194094 15.8284755684443 16.0976971081397 16.4114523422623 16.5651296106196 16.278901564081
8.09376775793108 8.12088602109284 8.61268517287546 9.78250565597535 10.0055476277273 10.0681965820132 9.56731527092391 9.5869257805337 9.69781548213392 9.83841555579241 -10000 11.9124798055253 -10000 13.9391086533406 15.1302726653794 15.5683827917625 15.9186116178005 16.1554354617078 16.0695499469061 15.8554368031054 15.6148230974722 15.0066184632065 -10000 -10000 -10000 -10000 11.609362282607 11.2205524070303 10.1376106078933 9.87975822583689 9.27528506061656 8.56025268087669 8.16337131645991 8.2529671950008 9.26775986284367 10.1602979613208 10.6540542239636 11.0925954190881 11.4064309732712 11.6263345041916 11.7739118575311 12.1707304013829 12.8439237945861 13.6110525887148 14.3927439547275 15.0341282997774 15.543596376391 16.1012023594376 16.4765391700456 16.8083838485184 16.9575257270576 16.9813487469128 -10000 -10000
8.17667277194846 8.6294498737619 9.95118187839879 10.3712386467286 10.6149411435787 10.6746137744127 10.656953425768 10.7979415898011 10.4062306001088 10.6818716199422 10.955043173661 11.7312253044294 12.7682109634955 13.6172730111049 14.2740556633553 15.2583858467666 15.6049820784994 15.7822708247218 15.7627282803443 15.5886906614066 14.8599580650477 -10000 -10000 -10000 -10000 10.5397204071113 9.72513809649457 9.61186439085109 9.55151581686796 9.1531348982054 8.63337494570565 8.10258642539079 7.82484569102686 8.35396813031327 8.99069070991623 9.56591471047088 10.5145566220605 10.9016347308801 11.4831876467063 11.7392240339777 12.0789549269705 12.5339437121998 13.3185007218317 14.1188189018071 14.8754485441696 15.7341252671542 16.1765859496679 16.6492147227248 17.0618849671945 17.2275564808293 17.4041524627025 -10000 -10000 18.8168445958462
8.4424696452203 9.78992684031296 10.3574570697039 10.8674440071085 11.2230409689632 11.207174461502 11.4939668813689 11.5033901479869 11.4678444135296 11.4518582452218 11.5230836950029 11.7405390109559 12.3020099014085 -10000 13.7926164770458 14.2971944565 15.2255229105442 -10000 -10000 -10000 -10000 -10000 -10000 -10000 9.68421151274841 8.64839687703158 8.84491295089955 8.85080419575642 8.78032639094661 8.39502555744203 8.07371464110986 7.91352101728389 8.37953902611744 8.91784674252718 9.41474952523414 9.85828095969805 10.2453736790014 11.1498011973516 11.5410463406869 11.9607857295303 12.3541650107735 13.0402244742474 13.6781363626509 14.4774270995421 15.1934793575781 15.9890981930718 16.6555237891198 17.0880424796027 17.4315863888914 17.5726188717825 17.7095606946665 18.620857084514 17.6390203756129 17.4458532840937
8.99243308745722 9.9791978117706 10.5537272320848 11.1738378111252 13.2028035445419 11.8552732637629 11.8819202075825 11.9890788953649 12.0756051258782 12.1242224720407 11.9480270422067 11.8724653011833 -10000 12.519301843421 13.0895508876578 13.5872941615008 -10000 -10000 -10000 -10000 -10000 -10000 -10000 10.6237390692881 8.26590733415575 8.25712628599743 8.36147461641682 8.30721262662831 8.09833884618906 8.00336305862995 8.1789193328484 8.62335338724463 9.15228744052757 9.64439293693626 10.5174832947906 10.7410596996989 11.0449198383872 11.2551128261207 11.617627764051 12.0722326338591 13.7429516930165 13.0931466966326 13.8724389453502 14.7048279583849 15.3878507820323 16.3015466530221 16.8256705496392 17.2458827846707 18.2087965673096 18.39540346848 18.4899054179044 17.7863858484888 -10000 -10000
9.75574132038186 10.1631944431574 10.5442619088574 11.0555774149824 11.7329922880064 11.9258295021754 12.1674825335062 12.482855537113 12.432997040439 12.4451131677689 13.3243601023915 -10000 -10000 11.8060427399119 12.2274279883081 12.6282637575539 -10000 -10000 -10000 -10000 -10000 10.0666687626777 8.31581113188354 8.50734485536142 8.5816692106006 8.60611940061064 8.9690328500343 8.58969988220299 8.61504559158374 8.71160799589757 8.94715577112479 9.38353709043758 10.0757587734766 10.8555507514984 11.1426730486178 11.3668702615031 11.4794824288499 11.7547023327521 11.756193160516 12.2060026430801 12.623495968333 13.1920815857709 13.9593121560192 14.7457148458383 15.6659264388435 16.3470995965676 16.8604284412983 17.2435734742637 17.4896537649763 17.6779685430995 17.6829879782386 -10000 -10000 -10000
10.5979588560582 10.2417082596915 10.4992148293885 10.8193581961856 11.5370423020776 11.8877664035346 12.3817303816419 14.0627736796627 12.6001801663976 12.5841597051572 13.9960313276473 12.2152454464625 11.729906064249 11.4543213006542 -10000 -10000 -10000 -10000 -10000 -10000 8.36869318309779 8.64558640618464 8.84678466694523 9.11449004631935 9.29468152040993 9.405989388981 9.38990814057352 9.96627454063489 10.0078926118909 9.99697789562347 9.63997763205533 10.1995469371174 10.9302099201759 11.3123625414782 11.7081632470307 11.945181795055 11.910727956743 11.9011426796688 12.1414114502018 12.2480012275566 12.604127028588 13.2206527513631 13.9256332165985 14.66752129528 15.6065425960117 16.1527187922256 16.7078417282908 17.9207235113414 17.3368715468798 -10000 -10000 -10000 -10000 -10000
11.3827256592988 10.9069096542005 10.4159518329706 10.6294648776868 11.3349345175367 11.7175628282476 12.0021371820635 12.3809582910004 12.4306072289105 12.3961928800971 12.399280563611 11.9616990736786 11.5368470486869 -10000 -10000 -10000 -10000 -10000 -10000 9.82070359105721 9.17823031805795 9.34469642447526 9.63469265580283 10.2515706924062 10.4232332736767 10.4475254905082 10.5477070594726 10.6218881640082 10.6289809091353 10.5541707662768 10.6692809230809 10.8235113079994 11.3950199218101 11.7302279906594 12.0208990254676 13.6043598047017 12.3538847072676 13.1184497290636 12.242510644369 12.3808029616283 12.6842304390318 13.1198682672042 13.8591292779993 14.4785639281914 15.407250175441 15.9166715161765 16.3193312050396 16.6690781649117 16.8280690729851 16.9175374607561 -10000 -10000 -10000 -10000
12.55919829818 11.5697404865245 10.8832412273209 10.4384007278312 10.553935978563 11.3486049135258 11.6983256113738 11.892080820288 12.0628314074193 12.0899432418704 -10000 -10000 -10000 -10000 -10000 -10000 -10000 -10000 10.5559429384328 10.3135089317255 10.2188091107913 10.5001513653758 10.6144746512244 10.880158170399 11.0777173876628 11.2696302254452 11.2921042150256 11.1986255946142 11.2604303399412 11.0476944287626 11.1607546479198 11.2849075532398 11.6253072735595 12.8189773067889 12.2448750019537 12.3700520080763 12.4032869198998 12.4621866485143 12.5691833355566 12.6092250814724 13.6528374989421 12.9975051213009 13.5368648674885 14.142565014759 14.7390052786869 15.5573804839271 15.9161896038746 16.0702704410707 16.1111262208028 16.0401507579987 -10000 -10000 -10000 -10000
13.263022308669 12.372425715309 11.3892538757633 10.7210402361723 10.4721763417463 10.8172150020071 12.0865230504261 12.2088138848981 12.1850022149109 11.4283039572395 -10000 -10000 -10000 -10000 -10000 -10000 -10000 13.155653075269 10.9016163026259 10.9942188677534 10.9906006448112 11.1079602319037 11.2286774892527 11.5380862606287 12.024059041314 12.0453697131698 11.9769361724796 11.7194923798796 13.2174535330051 11.4873204362548 11.339155241086 11.461695326483 11.5915887601532 11.9982609582129 12.1578745560499 12.4004956831408 12.5116953186644 12.7080623472588 12.7750077307469 12.9553094745593 13.0298006199764 13.078768792806 13.6514763633849 13.7611631307733 14.2691586618254 14.8614921671158 15.390115795707 15.5593952689111 15.5595767362375 15.0335649497194 -10000 -10000 -10000 -10000
13.7636097106328 12.9177962116631 11.9411691599677 11.057676449093 10.611843491382 11.8795735117801 12.2003110795395 -10000 12.2552198887964 11.9980332007306 10.4658709357157 9.83734775003158 -10000 -10000 -10000 10.0976965067522 10.5879723225174 10.9751396596215 11.3029449001823 11.3557334984487 11.4403440193894 11.5885522830932 11.7853390652907 12.2061726405305 13.346789306121 12.4556750535849 12.2866705836501 12.1194030283158 11.6200025065541 11.4356447727511 11.2813590406449 11.5022890988487 12.9600514852964 11.8011523889634 12.0664541928599 12.3748149197837 13.6767058572871 12.9278704490714 13.2276058860996 13.4358827728691 13.4387655509716 13.4155015382983 13.3280710025745 13.4279492166337 13.7532137888885 14.1388917654702 14.4046363258676 14.6046749410563 14.6044373535811 14.370744186822 -10000 -10000 -10000 -10000
14.1115818423669 13.2633888689909 12.2936209616755 11.2506121992023 -10000 -10000 -10000 12.9652884260598 12.6887641916524 -10000 -10000 9.35018926709258 8.67965211911394 9.81912720391805 9.94783931010663 10.4624745714091 10.401683759902 11.1484055437938 11.4023290436282 11.6367170795738 11.8295739312146 11.9409801628575 12.231282197655 12.4861143545984 12.652708487342 12.7939426402936 12.5416802227269 12.2104629938315 11.8240432628996 11.287366498889 11.1229300812658 11.0032824749505 11.3167159148961 11.5813501750841 11.8522365254581 12.2296915111288 12.8483290822472 13.2963788674683 13.6900244295227 14.4285582375713 13.9927039883656 13.8799040685883 13.6040658080373 13.3282012454613 13.2990390260115 13.508638870286 14.1825203132895 13.8082542948495 13.7387256213208 13.4478107775265 -10000 -10000 -10000 -10000
14.1532405746769 13.3506727627922 12.4608272606878 11.310980624797 11.8281083983114 12.3023187508559 -10000 15.3823908038038 -10000 -10000 11.7881907674069 -10000 -10000 10.2198299654811 10.3900102377789 10.4261725748146 10.8507729485125 11.1376791354461 11.4882638518994 11.8146953367396 13.5052665347825 12.0218552928503 12.325054961762 13.1727275402829 12.7458967203956 14.3103220370628 12.7443743215948 12.1722469530461 11.7682418746304 11.0254907939948 10.7045245473796 10.6689088819661 10.7940501358376 11.0934172118599 11.7247006404806 12.3948276300444 13.0957359943521 13.675138679616 14.1381873593557 14.8759186033652 14.9463728463577 14.856452419383 14.0298506724908 13.5284509584027 13.1351947027195 12.9266525834914 13.0158800093614 13.024212366257 12.8609258833524 -10000 -10000 -10000 -10000 -10000
14.0501628291728 13.2614189834262 12.3027319149038 11.1885932393098 -10000 -10000 -10000 -10000 12.7148010717138 -10000 -10000 -10000 -10000 -10000 -10000 10.8027948793699 -10000 11.1587759010021 11.3887218615109 12.7955939162445 11.9014749743019 11.8471523254773 12.1111463920167 12.341420512366 12.4868887007396 12.7049795223826 12.4547357844698 12.0916097172127 11.719459844477 10.7267195681587 11.2304299192057 10.3470830360056 10.4550135634285 10.9236697215004 11.6740999911627 12.5486582999314 13.3924637943751 14.0672314591794 15.0066816691646 15.2876047916653 15.402770957292 15.2841813630141 14.9725260224716 13.83978259432 13.1417914247503 12.5654170233578 12.1892519677998 12.1043776259481 11.9102844739174 -10000 -10000 -10000 -10000 -10000
