data_gis/fral_2010_popSize_highSens.asc
NCOLS 157 
NROWS 98 
XLLCORNER 84247.92649 
YLLCORNER -828428.80646 
CELLSIZE 20000 
NODATA_value -10000 
[rows 48 to 71 of 98, columns 0 to 53 of 157]
-10000 -10000 -10000 -10000 -10000 -9999 -10000 -10000 -10000 -10000 8.50572771330696 9.28200965866654 9.80305929770164 10.0970375010033 10.1417167412684 9.90338754753579 9.46102126628348 8.98619632032839 8.70151275087287 -10000 9.44533343964754 9.95261099449568 10.3193979185058 11.3689973561631 11.7774105558178 11.4223659827112 10.4526777538451 10.1441959350298 10.0251740707927 9.98192897884269 10.0850588279394 10.9422613686248 11.8156414595548 12.6444630511552 13.4992149963217 14.2846018961991 15.4341335580326 15.8632006916484 16.4066629814535 16.7134357169653 16.7666980828062 16.6651304577695 16.7427954540795 17.8074164059805 16.4718442172276 15.9438119042457 -10000 13.8208164567545 -10000 -10000 -10000 -10000 -10000 12.965328208101
-10000 -10000 -10000 -10000 -10000 0.405465108108164 3.94158180766969 -10000 -10000 8.3959291039232 9.41792348517234 10.1942523684478 10.7206207128771 10.989402908558 11.054296893746 10.8144440828196 10.3555181297916 9.67621046994031 9.30264604276021 8.81433042263877 9.20452348665462 11.3568562793203 9.76100190423937 9.94314086441278 10.0461583037003 9.91427911361433 9.677402178301 9.37441309371334 9.19755903761145 9.506288188845 10.5235800521902 11.5228658947843 12.2770715036799 13.1822178203562 14.2844167102024 14.7850728262144 15.6452802323353 16.047030813002 16.6488888295957 18.377586586691 16.8937803322982 16.6904096739658 16.6726832759862 16.5311596806578 16.2640644647049 -10000 -10000 -10000 -10000 -10000 -10000 -10000 -10000 12.8480923074347
-10000 -10000 -10000 -10000 -10000 -10000 -10000 -10000 -10000 9.15122710748368 10.1112737815293 10.8613040312388 12.2047918256305 12.4013227670999 12.49414963999 12.3181237293375 11.1342970108156 10.4858148979908 9.74079213687735 9.16586588187435 8.83724564389847 9.00270100719794 9.09313217107064 9.16020430248239 9.14023974429669 8.88474872645118 -10000 8.34426735626264 8.7653024887482 9.90762896503668 11.0925040670783 11.8659106099657 12.7613418579205 14.1616919365247 14.6083967329984 15.044980041776 15.7586176392361 16.1940964163624 16.4499903552175 16.666085143253 16.7068955801126 16.5913413315714 16.5684355220151 16.1495417972587 15.8653411147911 -10000 -10000 -10000 -10000 -10000 -10000 -10000 -10000 12.6206923884714
-10000 -10000 -10000 -10000 -10000 -10000 -10000 6.98193467715639 8.38206051742474 9.68564243967313 10.627866891777 11.3808900956018 12.5695345061579 12.9197893161346 13.0559885045379 12.8867347103825 12.4789544828328 11.1308154900596 10.3671586737087 9.6035979369766 9.14409372615726 8.75479176370003 8.52436739516424 8.39818440483404 -10000 7.80016307039296 7.40123126441302 -10000 8.95480275285097 10.3409357064973 11.4186807173914 12.2903586453844 13.8937430127337 14.4327422106486 -10000 15.4567567794362 15.5934846101213 16.1079155087005 16.2861942898847 16.5278048733919 16.5954016776809 16.5491979660375 16.3281179742344 16.097923249304 15.4547066702346 -10000 -10000 -10000 -10000 -10000 -10000 9.54287630006159 -10000 11.3977839374573
-10000 -10000 -10000 -10000 -10000 -10000 -10000 7.33823815006559 8.7787879291047 10.023091152182 10.996115302857 12.4198524938914 12.9602043831221 13.4174613837178 13.6940658264749 13.3724027709516 -10000 12.2981731343285 10.8777452601648 10.2113030799075 9.72046575062778 9.17585244151751 9.70088165243947 7.88382321489215 7.05703698169789 6.62020653097559 -10000 -10000 -10000 10.4764425477677 11.9357785226796 12.6069003508216 14.0816216404879 14.6374765443342 15.3262925398067 17.6035101067492 -10000 -10000 16.2552485405394 16.3736988028362 16.5886053396344 16.5295734465775 16.3049023842932 16.1574032834109 -10000 14.2443216813506 -10000 -10000 -10000 -10000 -10000 8.72013403541293 -10000 10.7260169045958
-10000 -10000 -10000 -10000 -10000 -10000 -10000 7.24208235925696 9.08023168662916 10.2777715431607 11.2746302040553 12.6340947540983 13.1765750092995 13.7179495469388 15.7532782181777 13.6821140133902 13.0642065829954 12.4967776443327 11.5852926370961 11.2532864835431 10.9730142603091 9.71974498658673 9.10631230155214 8.34924780056679 7.42476176182321 6.60095834267067 -10000 -10000 9.54036328491749 -10000 12.1104754245335 12.7189112419067 -10000 14.5675057242334 15.0724732666208 -10000 -10000 -10000 -10000 16.0277702066909 16.4647869234881 18.2463651656166 16.4486912252034 15.993679842014 -10000 13.9623560483224 -10000 -10000 -10000 -10000 6.5446310113635 7.78113850984502 9.23464266449915 10.0744953494298
-10000 -10000 -10000 -10000 -10000 -10000 -10000 -10000 -10000 10.5470767742477 -10000 12.7019176175669 13.4184822596763 13.76062450154 13.8820816994288 13.4728300900934 13.0028656224567 12.6554429900794 11.9411821929346 11.751997482032 11.5016319324254 11.0929911813923 9.69713966113932 8.9278448262117 8.07309119969315 -10000 -10000 -10000 -10000 -10000 -10000 12.9446878112622 -10000 -10000 -10000 -10000 14.7853928611631 14.8758517624388 15.6051562948332 15.7422892915532 16.2081669499413 -10000 16.2147147010908 -10000 -10000 -10000 -10000 -10000 -10000 -10000 6.92264389147589 7.98820359702258 8.93234456911382 9.77468780514454
-10000 -10000 -10000 -10000 -10000 -10000 -10000 -10000 -10000 -10000 11.6909544886788 -10000 13.4801427112799 13.6954660922013 13.683232094382 13.4642580289825 13.0079688442833 12.3923903736515 12.3701071759245 12.3526806651663 12.0116805317914 11.475908721291 10.9089240486407 9.43428360346096 8.65990729361541 8.53973715585113 -10000 10.134996020182 -10000 12.1077649777441 -10000 15.0445962767853 -10000 -10000 13.9944514065988 -10000 14.1000501981436 13.8407191349831 14.2844949179315 15.2876428787222 15.6333437993637 -10000 15.7105931688124 15.3941605490994 13.92883031466 -10000 -10000 -10000 -10000 -10000 7.71423114484909 8.72972059026726 9.57157490517093 10.5469191408501
-10000 -10000 -10000 -10000 -10000 -10000 -10000 -10000 -10000 -10000 12.5494708422221 13.0629424059101 13.486482742749 13.8967365652626 13.7246882923905 13.4288990976018 13.0347117955273 12.4871190002243 12.6514281143225 14.5455343602869 12.3505495419758 11.7193622319175 11.1511661891221 9.92866785106643 9.47845728893312 9.62648162008158 -10000 -10000 -10000 12.6862215123761 -10000 12.7635404138367 12.5689816174744 -10000 12.2600161749404 -10000 12.6509603694848 -10000 13.6068700768516 13.9224806775144 -10000 15.0943652991417 15.0834689180706 -10000 13.3502954454503 -10000 -10000 -10000 -10000 -10000 8.51117511909067 9.56395062454207 10.6381364965211 11.4731550007315
-10000 -10000 -10000 -10000 -10000 -10000 -10000 -10000 -10000 -10000 12.6023254503758 13.1595474025313 13.718698951583 15.7426320140896 13.7162094248898 13.2327806859066 12.9832139474052 12.5678923325535 12.6194530118348 12.6657670670341 12.4373906944128 11.9373039161897 11.4753689662436 10.5734172819199 10.2770146971084 10.6446627021067 -10000 12.2969594201232 12.6553887560788 13.2268711295627 13.2654467542258 13.126664115956 12.3601276064908 12.0199117278135 11.4563022020291 11.8186144357145 12.1630189960527 -10000 12.9922296347958 13.2239556019632 -10000 13.5028853082001 -10000 13.0590379867929 12.5613841604218 -10000 -10000 -10000 -10000 8.03365842788615 9.32223946447359 10.4253124617605 11.3811867502523 12.1710307887813
-10000 -10000 -10000 -10000 -10000 -10000 -10000 -10000 -10000 -10000 -10000 12.9512879452234 13.3682995912048 13.6032475977463 13.4212731823061 -10000 12.8034795538093 13.9231435895008 12.692337098067 12.6893626191016 12.6187318142186 12.3795552536569 11.858598104926 11.4263212777948 11.1364558937033 11.2946948255167 12.145722673494 12.6636303951295 13.3763325010834 13.6317235278887 13.5825085715743 13.3705538200082 13.0117088732854 11.9456749461055 11.9323000528477 12.2320571062521 12.5263066092757 -10000 12.6038650603317 12.6209764024495 12.4944644660512 12.4810531434263 -10000 12.3730563431008 11.6638767464622 -10000 -10000 -10000 -10000 -10000 9.88974353474387 11.0080487778066 11.9202821163153 12.6763043737594
-10000 -10000 -10000 -10000 -10000 -10000 -10000 -10000 -10000 -10000 11.2092359543726 12.5183290308923 12.8406103599829 12.9861151546797 12.9280914991086 12.7263355972987 12.3058908308101 12.6052882662084 12.9442959589187 -10000 13.1853813681212 13.0010405841918 12.7419927523453 12.4304913834482 12.0737576556449 11.8951151225061 12.4451092308463 13.0926688259493 13.6163630352187 15.3447894892987 13.9654113627091 13.5752640818754 13.1229911802948 -10000 12.6182617633981 13.000308731397 13.3244499790889 13.410666756805 13.3041297801288 -10000 12.3218759450237 -10000 -10000 12.691758906928 10.3975433454261 -10000 -10000 -10000 -10000 -10000 10.2491318823258 11.3937815036745 12.6577659085042 13.4459529881945
-10000 -10000 -10000 -10000 -10000 -10000 -10000 -10000 8.07899825868515 -10000 10.5526828455669 11.1820435732122 12.2754307836325 12.4102576132431 12.3645880716925 11.9473019165728 12.3568863352224 12.8975985124712 13.371681369688 14.2445339770493 14.3721739919887 14.3073423352827 13.5717866770218 13.2625843448461 12.9038739786999 12.5398304872268 13.4190279858142 13.1371041957258 13.5826297530943 14.0225361093976 15.5514484253033 13.7267481943465 13.2946564836272 13.0925740485936 13.2371427956036 13.7075477704432 14.6262589798792 14.7115071497696 14.6582481791053 13.6028951408398 -10000 -10000 10.8391886779301 10.5510095550698 10.0793298307323 -10000 -10000 -10000 -10000 -10000 10.4213583010288 11.4849374284301 12.3733355545419 13.5426829430716
-10000 -10000 -10000 -10000 -10000 -10000 -10000 -10000 -10000 8.67111527368849 9.71147923015263 10.3678503018918 10.8166333442662 11.0460529287327 11.2968940622618 11.8384017528418 12.6133727356952 13.2803512571828 14.4179192426299 14.7723407484492 14.9577016775846 14.8943921367501 14.6634988942039 13.9774048924432 13.5509966847425 13.0847217368594 12.7825595973501 13.0690195610803 13.3431345167735 13.6621472347571 13.7286478971886 13.5115812104546 13.1479317040062 13.4878172733305 13.7486493414571 14.8073951004444 15.1201061325354 15.2618988118536 15.1975764918729 -10000 -10000 12.7360359696951 11.6590842948679 10.654997976393 10.2439162377965 -10000 -10000 -10000 -10000 -10000 10.4055650225444 11.5139948929282 12.3326259981653 13.5564664755871
-10000 -10000 -10000 -10000 -10000 -10000 -10000 -10000 -10000 -10000 8.69550672681265 9.42254430325201 9.94678647693128 10.32068358352 11.0489834271031 11.8879726018569 12.786224685151 14.2426021193825 14.7972391564436 15.2905289120428 15.5599287378966 15.402175728676 15.3405818112392 15.1037981316996 14.6052493696462 13.685853934431 13.0925843509152 12.7217395314522 13.0786685101341 13.2331943030481 13.2748458093367 12.9979197088998 13.1162386595533 13.4199997410975 14.6421207538111 15.1312051321999 15.5904168061183 15.8277314514842 15.6338640829259 15.2305082584343 -10000 13.2346647494915 12.3814283302069 11.4821259934167 10.7363531962652 -10000 -10000 -10000 -10000 -10000 -10000 11.6492205351175 12.5778775521457 13.1149298168263
-10000 -10000 -10000 -10000 -10000 -10000 -10000 -10000 -10000 6.47943087672789 7.37588214821501 8.28576542051433 8.98456836930828 9.62476522145582 10.7031545764737 11.715482561876 12.8159985303872 14.3805595592286 14.9862400766685 15.6011848835364 17.4644847846985 15.9128895081085 15.7110282097999 15.5340491230159 15.1003094245998 14.6795774573714 13.6118448263 12.8897248915283 -10000 -10000 -10000 12.6356643524146 12.7551993289285 13.4898565922589 14.7247343779345 15.2890265656323 15.8172066159133 17.675909014146 15.8792889453953 15.3370372705077 14.8014609256553 13.626068913398 12.9357542420681 12.2449327167369 11.5741334460113 -10000 -10000 -10000 -10000 -10000 -10000 -10000 12.9139606444116 13.3494607022447
-10000 -10000 -10000 -10000 -10000 -10000 -10000 -10000 4.01457959375324 5.36924170488474 6.3857001732646 7.20637729147225 8.05864371221562 9.44208681209766 10.085642428773 11.2687753118733 -10000 -10000 -10000 15.5158933178067 15.9527933219839 15.9263048015937 15.9423480781024 15.9549400482389 -10000 15.0441260224135 14.4930978082471 13.250705579438 -10000 -10000 -10000 -10000 12.5459604709525 13.3429420422076 14.6076565614575 15.1284153426686 15.5889266446804 15.8433765285781 15.6308900322245 15.2240792441192 14.8118516282521 13.940742227982 13.5006217150743 13.0088273105953 12.7600123549674 -10000 -10000 -10000 -10000 -10000 -10000 -10000 13.8566966461944 13.7796149505147
-10000 -10000 -10000 -10000 -10000 -10000 -10000 2.39789527279837 3.07731226054641 4.31615389052317 5.4402508624367 6.30390020590095 7.26332961747684 7.94732502701646 8.94897560784178 10.2077317132869 -10000 -10000 -10000 -10000 15.6667188992623 15.8721250333397 16.1532892276101 17.5990040405345 15.9482644044577 15.2744469243762 14.6937512831408 13.5102088337904 -10000 -10000 10.7252697831758 11.1926651028763 12.1207271529116 13.0143994758764 13.7210734968808 14.8224171960336 15.1409670088984 15.3179252398626 15.2319320064231 15.0643730724263 14.7803243707252 14.6276205224483 14.3816813860322 13.8110134611656 13.4718533712973 -10000 -10000 -10000 -10000 -10000 -10000 -10000 14.8234651936873 14.5396388298039
-10000 -10000 -10000 -10000 -10000 -10000 -10000 -10000 -10000 -10000 -10000 5.93489419561959 6.35402215420487 7.31920245876785 8.38320455141292 9.03527244389354 -10000 12.53233941161 -10000 15.0590739108921 -10000 15.8682266347088 16.0436989909844 16.1606291400359 15.9478192985439 15.5332705363338 14.708868737433 13.5281870878736 12.5561871165496 -10000 10.2048876018161 10.5419937361369 11.5715056453987 12.4962690543873 13.3713727065399 13.746009343007 14.6685287403538 14.9179375613474 -10000 -10000 15.363772183943 15.3678219854605 14.9175615940242 14.6348312532337 14.0343761719388 13.8608347224905 -10000 -10000 -10000 -10000 -10000 -10000 15.6814616506091 15.3323721103013
-10000 -10000 -10000 -10000 -10000 -10000 -10000 -10000 -10000 7.04228617193974 -10000 6.9076552739818 -10000 6.97447891102505 -10000 -10000 10.6751917222516 11.5313055122517 -10000 -10000 14.9899072698992 15.6437438621533 15.9556083680186 16.151260758192 15.95347404179 -10000 14.6679631100712 -10000 12.3294223805476 11.3712351645072 -10000 -10000 10.774634464241 11.8508109881456 12.630761782206 13.2051592148127 13.7800170501434 -10000 -10000 15.5730482518367 15.8279607060063 15.845039824894 15.5830739829581 15.0137222991885 14.680605253879 15.8243205201369 -10000 -10000 -10000 -10000 -10000 17.3970817118301 16.3250089209435 15.9680352611444
-10000 -10000 -10000 -10000 -10000 -10000 -10000 -10000 8.22147894726719 -10000 8.04974629095219 7.52456122628536 7.41034709782102 7.59588991771854 -10000 9.25464429753271 9.70143256605178 11.3374524036051 -10000 13.586350191869 -10000 15.3327717760965 15.9466777130683 17.6750826307792 15.9540145607461 -10000 14.5346012756992 13.2387712457292 12.0278785589995 11.1759551043058 9.6476270924073 9.4235143922529 10.1878014590801 11.0677315146331 12.0716093902851 12.910906272784 13.6262078898188 14.6946371804252 15.3933484061985 15.8478510581035 16.2026162869597 17.2255244266014 15.8414302712867 15.5375938866159 14.8029033487582 14.2665976422269 -10000 -10000 -10000 -10000 -10000 17.8848242453918 17.5089194387204 16.450678404767
-10000 -10000 -10000 -10000 -10000 -10000 -10000 -10000 10.4915797263212 10.5432866975941 10.312512981839 8.50370260123374 7.98854298273769 -10000 9.63475807300103 9.81689426995103 10.1978348628567 -10000 12.0049779713128 13.0875255254674 -10000 15.1189025431207 15.4897283998946 -10000 15.4182613614404 14.9241230112273 14.3195006727787 12.8216473980951 11.8825630299403 -10000 9.44738682845938 -10000 9.58582725656466 -10000 11.8155454097862 12.7525076617812 13.5843335748714 14.6960505812496 15.3988321898736 15.9722110130785 17.632104544527 16.2046809705317 15.79578831674 15.3680879180756 14.7627288636225 14.3929808583644 14.6609078992228 -10000 -10000 -10000 -10000 18.2918545160873 17.8483108673056 17.3197796178933
-10000 -10000 -10000 -10000 -10000 -10000 -10000 10.6988979570944 -10000 -10000 10.9537145950444 10.5975593055472 -10000 -10000 10.1858429634822 10.3843383875502 -10000 10.3739285861066 -10000 -10000 -10000 -10000 14.9811891078415 -10000 -10000 14.4922178409097 12.999524331643 12.3006416416348 11.5634664764639 10.3362110844151 9.01930092456251 8.44182288439146 9.43938646894301 -10000 11.7260186804309 12.6636430515951 13.4835672502447 14.6152067975844 15.1425248148737 15.6896105543938 15.9801575344013 15.8687038589415 15.5774964952313 15.1960707601737 14.5783862060607 14.7329346473461 15.3213750236479 -10000 -10000 -10000 20.4751738043102 18.4973639687233 17.9553539054521 17.4508858544801
-10000 -10000 -10000 -10000 -10000 -10000 -10000 -10000 11.7330645072641 11.9387812627261 -10000 -10000 -10000 10.2317835978732 10.7159943031466 11.0203980694856 10.755943515581 10.4126818464068 -10000 -10000 -10000 12.9595879444241 -10000 14.4477329466613 -10000 -10000 12.3259690021056 11.6643581687304 10.80283556368 9.4404992581843 8.56006109164341 8.69181854157572 9.95565296651681 11.0269225266356 -10000 12.7984819429177 13.5107121668562 14.0911539554896 14.9049408205575 15.2193429743677 15.448291685156 15.4044936904969 15.2185125657867 14.4389099392939 14.439562183194 14.8572836759466 15.5529058822149 17.2281137124601 17.8110317831322 18.3254604641069 18.5288850362417 18.23744247911 17.8296050521263 17.3470578433446
