data_gis/fral_80_popSize_highRes.asc
NCOLS 157 
NROWS 98 
XLLCORNER 84247.92649 
YLLCORNER -828428.80646 
CELLSIZE 20000 
NODATA_value -10000 
[rows 48 to 71 of 98, columns 0 to 53 of 157]
-10000 -10000 -10000 -10000 -10000 -9999 -10000 -10000 -10000 -10000 -9999 -9999 -9999 -1.20397280432594 -0.105360515657826 0.693147180559945 0.470003629245736 0.916290731874155 2.33214389523559 -10000 4.76131886847802 6.14761322959791 6.97260625130175 7.40245152081824 7.743269700829 7.88231491898027 7.75233516330229 7.23993259132047 6.33256889605576 5.83334767901084 4.31748811353631 4.98565930802608 5.96768401844258 6.77901240308941 8.51358669582213 8.87164566750187 9.0259366489779 8.8667226671941 8.52178264375005 6.83561460120445 5.97888576490112 4.91485833870249 3.3178157727231 1.25276296849537 -9999 -9999 -10000 -9999 -10000 -10000 -10000 -10000 -10000 -9999
-10000 -10000 -10000 -10000 -10000 -9999 -9999 -10000 -10000 -9999 -9999 -9999 0.0953101798043249 1.48160454092422 1.96009478404727 1.91692261218206 2.26176309847379 2.92316158071916 3.90600493310258 4.85826081367025 6.08949828737935 7.12608727329912 7.7332456465298 8.32312288758773 9.70789836874127 9.7705274252799 9.63187566026184 7.91607809630279 7.20563517641036 6.12073688281212 5.70278197432262 5.47562638151845 6.31372918929 8.3228800217699 8.87598589132597 9.38790061166843 9.71172153691417 9.39007525287337 8.87975079851313 8.33471162182092 6.41591495512723 5.47730002207648 4.44617445449763 3.22286784613774 2.24070968927596 -10000 -10000 -10000 -10000 -10000 -10000 -10000 -10000 -0.510825623765991
-10000 -10000 -10000 -10000 -10000 -10000 -10000 -10000 -10000 -9999 -9999 0.336472236621213 1.79175946922805 2.68784749378469 3.36384159511839 3.79323946943818 4.05698877567833 4.48525988931553 5.07953927274347 5.93410022971841 6.99759598298193 7.78862606562503 8.526351129201 9.95265859654258 10.2676096971099 10.3981533061026 -10000 9.82086652384779 7.74196789982069 6.85635671589614 5.88025361777198 5.74172031399659 6.44365419538902 8.43663368355782 9.0259366489779 9.71607304867616 12.223494991222 9.73495055071279 9.04192172035122 8.44009614103127 6.61940631754265 5.81800361874622 5.23697373630699 4.59208494643944 3.92197333628131 -10000 -10000 -10000 -10000 -10000 -10000 -10000 -10000 2.47653840011748
-10000 -10000 -10000 -10000 -10000 -10000 -10000 -9999 -9999 -9999 0.182321556793955 1.7404661748405 2.96010509591084 3.93963817246112 5.80994267048459 5.98217150019639 6.041444479413 5.53812135875535 5.92745921713207 6.83593699119166 7.80343505695217 8.46252579007393 9.89454771096665 10.3494866136846 -10000 11.0987122031044 10.8091621319471 -10000 9.61946544091583 6.90344600739404 6.09919724691086 5.66538808666889 6.2910134296246 8.32312288758773 -10000 9.43604065207208 9.78616690995958 9.46506010672514 8.89617742227481 8.3478273457825 6.57994541543958 6.12139571670001 5.71998385399421 5.45958551414416 4.8146204101703 -10000 -10000 -10000 -10000 -10000 -10000 5.91889385427315 -10000 4.16821441078856
-10000 -10000 -10000 -10000 -10000 -10000 -10000 -9999 -9999 -1.6094379124341 1.38629436111989 2.65324196460721 3.95699637107088 5.98393628068719 6.38721596302851 6.62804137617953 -10000 7.14519613499717 7.0833878476253 7.88870952418201 8.46442512587758 9.03264808356589 10.3534797826944 10.7685691970035 11.2708666425429 13.5313861495144 -10000 -10000 -10000 6.83894096298178 5.80754170894705 5.64862206347893 5.8224540043737 6.63266032203583 8.54849804124465 8.94298366598565 -10000 -10000 8.54012816269873 6.87243893385457 6.51411992262755 7.66199755890189 7.74022952476318 7.8815599170569 -10000 6.23871517376543 -10000 -10000 -10000 -10000 -10000 7.27862894232068 -10000 5.35941246590785
-10000 -10000 -10000 -10000 -10000 -10000 -10000 -9999 -9999 -0.356674943938732 1.87180217690159 3.40784192438082 5.81263687956828 6.37757692670033 6.99759598298193 7.68845535654994 7.72179177681754 7.70436116791031 8.20903626577507 8.47261414801827 8.88128059507042 9.806425839693 10.5416504247633 10.8758750237622 11.2014969987884 11.4139445562764 -10000 -10000 9.70210549300343 -10000 5.67057034045009 5.20015311776081 -10000 5.84701664274211 6.50008774731877 -10000 -10000 -10000 -10000 6.43326158446354 7.86787149039632 8.19395302356374 8.47491179915963 8.43098149459717 -10000 6.89375776933828 -10000 -10000 -10000 -10000 8.31188955823036 8.29254851397576 7.83042561782033 7.04490511712937
-10000 -10000 -10000 -10000 -10000 -10000 -10000 -10000 -10000 0.262364264467491 -10000 3.68386691229039 5.93436495506741 6.55150881466147 7.60986220091355 10.0532859176245 8.10741881171997 8.36753241686183 8.53817159780143 8.81447900001071 9.67602217557289 10.495183233935 10.4053531549306 11.0280924214785 11.0691352425404 -10000 -10000 -10000 -10000 -10000 -10000 5.42978412929034 -10000 -10000 -10000 -10000 6.07878837527966 6.03977840738653 5.85907535906224 7.68156036255954 8.17385745477362 -10000 9.16136018975446 -10000 -10000 -10000 -10000 -10000 -10000 -10000 10.6837523544416 9.0370578398329 8.60666819784384 7.9402277651457
-10000 -10000 -10000 -10000 -10000 -10000 -10000 -10000 -10000 -10000 2.2512917986065 -10000 5.92131028718477 6.51411992262755 7.47250074473756 7.88908440703551 8.15306194680105 10.3518205608715 8.67111527368849 8.94832604627298 10.9987107714562 10.0833895178113 10.5241446821709 12.6468469807406 10.9468337534325 10.668839108845 -10000 8.05261481881557 -10000 5.72063959172262 -10000 6.32238569059562 -10000 -10000 6.65492541729757 -10000 5.59136004524191 5.08140436498446 5.45745558788633 7.72753511047545 8.32360844234357 -10000 11.8237648256634 9.33978843916307 10.6872749345972 -10000 -10000 -10000 -10000 -10000 11.185906405939 10.8378932138355 9.18327745242649 8.57960445153763
-10000 -10000 -10000 -10000 -10000 -10000 -10000 -10000 -10000 -10000 2.94443897916644 4.25134831103177 5.11559572973274 6.34616253816249 7.1731917424866 7.54327334670545 7.83913164827433 8.28223006329669 8.365672383775 8.72339402200014 9.56507343167757 9.85618627941811 10.2203400022877 10.4604713082832 10.2367044964367 9.84325972698564 -10000 -10000 -10000 6.53160622520803 -10000 7.6246189861594 7.755767170103 -10000 7.4593388952203 -10000 6.55748833133874 -10000 5.49141399650995 7.65586401761606 -10000 8.88280805492444 9.25167423546916 -10000 8.84692850009902 -10000 -10000 -10000 -10000 -10000 11.6749337641185 11.1541769440846 10.6553988016268 8.94650502599868
-10000 -10000 -10000 -10000 -10000 -10000 -10000 -10000 -10000 -10000 4.24849524204936 5.3186100698158 5.91996854540291 6.31824713318168 6.78332520060396 7.27862894232068 7.38647084882989 7.31455283232408 7.90765159471109 8.21093973337902 8.52078672692637 9.46715078076088 9.73772808404115 9.82157225933486 9.795122527858 9.54795481317617 -10000 7.69302574841789 7.11558212618445 7.53583046279837 8.14322675036744 8.50734485536142 9.41580863161038 9.46761478200654 9.30991417687228 8.00202481821611 7.41818082272679 -10000 6.17918815319093 6.13209567684773 -10000 8.47803647621504 -10000 9.15218145780265 9.00846895593751 -10000 -10000 -10000 -10000 14.5379810761529 11.950535026405 11.2809807972029 10.7411462479388 9.0918946167697
-10000 -10000 -10000 -10000 -10000 -10000 -10000 -10000 -10000 -10000 -10000 6.43566948353208 6.92657703322272 7.73499619402278 7.79482315217939 -10000 7.05875815251866 6.89719976504262 6.98100574072173 7.49997654095212 7.91205688817901 8.4721958254855 9.23883064237581 9.50918491163407 9.59417317995723 9.10719961305667 8.87849740373863 8.45701846838017 8.146419323098 8.41803561988302 8.90204734562028 9.80300401395781 10.0608758427849 10.0918740138923 9.9150207883498 9.51900085081316 8.11611843160937 -10000 6.67733531869715 6.27945907074181 7.45818615734049 8.99776577201121 -10000 9.84410902901663 9.57428879988141 -10000 -10000 -10000 -10000 -10000 11.6849272893573 11.1573071055066 10.6718117764466 8.97689392766608
-10000 -10000 -10000 -10000 -10000 -10000 -10000 -10000 -10000 -10000 6.70343348190852 7.37525577800975 8.23084356419823 8.46589989702869 8.49719454490955 8.26565016558033 7.86480400332846 6.6555690422152 6.19297579829508 -10000 7.19067603433221 8.05420489706441 8.78094111357239 9.25473995927287 9.56521369396829 9.67702600274797 9.52631831358281 9.24290436284945 9.04958459309679 9.16157020760675 9.89832424557925 10.7646249179423 11.0245623266322 -10000 10.4632461874113 9.96462968747837 9.37424334324612 8.02387999273488 7.33693691370762 -10000 8.99069070991623 -10000 -10000 10.6321225260256 10.5466563632898 -10000 -10000 -10000 -10000 -10000 11.2003767647883 10.8527100326453 9.21890360263667 8.67829111175856
-10000 -10000 -10000 -10000 -10000 -10000 -10000 -10000 5.32884657158286 -10000 7.44541755670169 8.42002127966396 9.45226642258976 9.64988479373721 9.68003145238362 8.89109883061664 8.34021732094704 7.72753511047545 6.42939684535365 6.38553161026378 7.40427911803727 8.39321601159653 9.19614002257504 9.77922733515544 10.8086971143995 11.3737208672497 10.8373627671673 9.88974353474387 9.61979750135388 9.65361494147989 10.7878127884032 11.1428612839125 11.4297068862193 12.8116828564554 11.1532746690014 10.2248461513473 9.63089111750239 8.66630261400408 8.33014046024638 9.12129055514267 -10000 -10000 11.2049998680414 12.0966762187508 12.1252800734452 -10000 -10000 -10000 -10000 -10000 10.7013550438665 9.086702731518 8.7220913023891 8.32360844234357
-10000 -10000 -10000 -10000 -10000 -10000 -10000 -10000 -10000 7.17011954344963 8.02256894698825 9.52799378292395 9.88205960512251 10.1061834685812 11.4200533107648 9.80565419218737 8.68118104152169 7.99530662029082 6.79727054580686 6.84449593934295 7.8770178956224 8.85409390765552 9.67890546702757 10.9241202815542 11.2795421659258 11.4185708284889 11.3072042593479 11.0399093025998 10.0591656367158 10.5220728117692 11.0512708852107 11.4733214783771 11.7426393840668 11.6102064287761 11.2418251521101 10.726324380659 9.82709235128242 8.99193557500915 9.16461052027001 -10000 -10000 11.3792454898793 12.4990071497796 12.7458617487372 12.845273014237 -10000 -10000 -10000 -10000 -10000 8.39231000926955 8.55236726642389 8.37378460812088 8.29104513108173
-10000 -10000 -10000 -10000 -10000 -10000 -10000 -10000 -10000 -10000 9.19917830726999 9.81065929022493 10.2815129448855 10.5815972345193 10.3776076972937 9.9817902857933 9.46537011215271 8.14728825870662 6.97166860472579 7.22256601882217 8.24117615049496 9.19064773863045 10.6916494146997 11.2397115553877 11.6978436476114 12.0049229464752 11.7654025504366 11.3828965030967 10.971142227749 10.6779381841601 11.0274913964691 11.6372647392258 13.6179263167204 11.646590598651 11.190541520672 10.7290655202766 9.52412869151244 9.32830116960975 9.83285047293669 10.5333221268843 -10000 12.4661304059072 12.8680258126191 13.1800283295987 13.3906959498822 -10000 -10000 -10000 -10000 -10000 -10000 8.79026911147866 8.83811659764782 8.93366417870094
-10000 -10000 -10000 -10000 -10000 -10000 -10000 -10000 -10000 7.61972421378267 9.28600427589717 9.81005560774357 10.5989819761644 12.6793926445376 10.55385770374 10.0177532986645 9.50844296175585 7.76472054477148 6.94793706861497 7.38212436573751 8.33902300574476 9.23376388691977 10.800819700809 11.354316528536 11.976508526413 14.0289495722155 12.0618500190802 11.5215283537775 -10000 -10000 -10000 11.2928521955132 11.5790783073898 11.3430027241902 10.9480659527118 10.3818003151217 9.47784524698915 9.61813609542263 11.3283172958698 10.856476588193 11.7649129999973 12.6393571799646 13.0560825393137 13.4601932634309 15.3350865617738 -10000 -10000 -10000 -10000 -10000 -10000 -10000 9.84527564278771 9.95032342737316
-10000 -10000 -10000 -10000 -10000 -10000 -10000 -10000 6.40968133914131 7.47363710849621 9.17274234156086 9.69072740660161 10.1330901989111 10.5071202258883 10.2650704328274 9.8633424122317 -10000 -10000 -10000 7.11314210870709 8.24800570160062 9.08545718982949 10.6999807209547 11.2353653258088 -10000 12.0488806790087 11.8232517119315 11.4379648217035 -10000 -10000 -10000 -10000 10.9120839551943 10.7485615133193 10.4434252768456 9.53351023735752 9.37492217229213 9.68489612456914 10.4635032604929 11.2953662919499 12.0208388522892 12.7184201107079 13.0748020578959 14.4356165048949 13.69925760114 -10000 -10000 -10000 -10000 -10000 -10000 -10000 11.5900161273348 10.8817384845331
-10000 -10000 -10000 -10000 -10000 -10000 -10000 4.84103250971008 6.07166108910226 7.10002716662926 7.92262357421729 9.35227386786485 9.69060369015953 9.84554059258128 9.74214440212737 9.42617729477462 -10000 -10000 -10000 -10000 7.84658997529119 8.70034773451408 9.54316310009223 10.9067629943777 11.3021550497192 11.4844745487962 11.4273893628636 11.1543200875145 -10000 -10000 8.97233695775495 10.1864459861515 10.3041411036471 10.2057010308338 9.30072937170386 9.12674134809987 9.39831260027895 10.1116798893971 11.0672943971039 11.9093632827589 12.3721674240525 12.6002273649924 12.9426815335007 13.1147605490099 13.1314935700559 -10000 -10000 -10000 -10000 -10000 -10000 -10000 12.7033053020914 12.2808553899739
-10000 -10000 -10000 -10000 -10000 -10000 -10000 -10000 -10000 -10000 -10000 8.28475659319044 9.251962046667 9.31244559491334 9.21542741102474 7.89618060861549 -10000 6.25421335301455 -10000 5.67194775113618 -10000 8.28172399041139 8.91717663595516 9.71044877090097 10.868873164054 11.0415128435611 11.0165450056357 10.065223675721 9.45242343310979 -10000 8.06337782236703 8.44912846050211 8.764209507142 8.85893722196655 9.0135952945165 9.28163725385822 9.90523602307024 10.892210567667 -10000 -10000 12.5253224233558 12.6663951889231 12.6657986403648 12.8487709119553 12.6707778880825 12.5262158577623 -10000 -10000 -10000 -10000 -10000 -10000 13.5584701963425 13.1712087781434
-10000 -10000 -10000 -10000 -10000 -10000 -10000 -10000 -10000 8.30795254527102 -10000 8.65747673686329 -10000 7.93487156594518 -10000 -10000 6.29950056544015 5.02124547320827 -10000 -10000 6.08267542716137 7.49554194388426 8.33327035325531 9.08704215563169 9.56352924663008 -10000 11.6921672842373 -10000 8.98657162526805 8.28903709827848 -10000 -10000 8.04302088529828 8.70084719344397 9.93585793256658 9.87179046579287 10.4957088145061 -10000 -10000 12.6482681891353 13.7315396449849 12.7108248634478 12.5812606601541 12.4140781932553 12.0392798903538 11.7925476435663 -10000 -10000 -10000 -10000 -10000 15.4335690065753 14.1963468514469 13.816824694109
-10000 -10000 -10000 -10000 -10000 -10000 -10000 -10000 8.93866287366612 -10000 9.24512819746185 8.99727090623345 8.81209910895734 8.23483028044206 -10000 6.23107182445286 5.38035807688425 3.54385368206368 -10000 3.99083418585244 -10000 6.28785856016178 7.32448997934853 8.46821300919452 8.96648377906443 -10000 9.42577428022034 9.07646606341985 8.45744318701046 7.76853330092603 6.57409907362041 7.09340462586877 8.0375431851187 8.86827250899781 9.70789836874127 10.3952832503953 11.4249026675765 12.1831263821839 12.5451201347686 12.7807459268424 14.446900944793 12.7664395798559 12.3936511934342 12.2321935059815 12.0098570115283 12.0492843235145 -10000 -10000 -10000 -10000 -10000 15.749307928332 15.3816778554525 14.2738324708736
-10000 -10000 -10000 -10000 -10000 -10000 -10000 -10000 9.58596463807333 11.271910670037 11.3209050257073 11.160014855597 9.10286651367095 -10000 7.95191138185419 6.58823848301034 4.69774936728118 -10000 2.45100509811232 3.21486780347066 -10000 5.50125821054473 6.21999357069853 -10000 8.20111164444276 8.51959031601596 8.55159461813357 8.30102525383845 7.85825418218603 -10000 5.97660468420096 -10000 8.17188200612782 -10000 10.1384015594493 11.3588297836305 11.7938698903693 12.3098243677736 12.5861139571315 12.7747670973988 12.7226616291853 12.5138293671004 12.324304469355 12.237842593619 12.2138820724217 12.6853580653741 13.2204261290409 -10000 -10000 -10000 -10000 16.1114308907019 15.666585714296 15.189857330038
-10000 -10000 -10000 -10000 -10000 -10000 -10000 9.72561607941578 -10000 -10000 11.8721511529935 11.7080480709346 -10000 -10000 8.15017926968233 7.21817683840341 -10000 4.14946386144318 -10000 -10000 -10000 -10000 5.77361943424498 -10000 -10000 7.70391020961631 7.74673290775362 7.62997570702779 6.10702288774225 5.79392782450755 5.88887795833288 6.93731408122368 8.46315930292375 -10000 11.0811112480391 11.6281808643995 12.1170282943573 12.3983197803957 12.5472978545754 12.549882183911 12.4657949615849 12.2512993251665 12.0817161771267 12.091480762725 12.640406997801 13.158465772114 14.4079585641374 -10000 -10000 -10000 18.2338631430827 16.2950459751412 15.7686866744001 15.2935042695015
-10000 -10000 -10000 -10000 -10000 -10000 -10000 -10000 11.8847441612656 12.3340172108578 -10000 -10000 -10000 11.0878799048831 8.22577079934873 7.38212436573751 6.88530515014455 4.38701417618492 -10000 -10000 -10000 7.44307837434852 -10000 7.46565531013406 -10000 -10000 5.88554832151643 5.7497114065446 5.35469769998414 5.35375207343614 5.72325825115686 7.19743535409659 8.55525939222269 9.63285923465017 -10000 11.6979184503193 12.2604755999095 14.1597007912206 12.3786552657923 12.2930986057468 12.0865230504261 11.8388999352085 11.6020254925432 12.0929151455701 13.4902650649575 13.3107730307388 13.8840407891164 15.259840545283 16.0127828008311 16.1163101579139 16.2915173882521 16.0516368873347 15.6565408694683 15.2266465449617
